row_in_export_order,dataset_index,sample_id,truth,pred_raw,pred_clip_m3_p3,truth_clip_m3_p3,pred_clip_m2_p2,truth_clip_m2_p2,pred_round_acc7,truth_round_acc7,pred_round_acc5,truth_round_acc5,seed,datasetName,fusion_center_modality,w_text,w_audio,w_vision,dominant_center,valid_ratio_text,valid_ratio_audio,valid_ratio_vision
0,0,c7UH_rxdZv4$_$24,-1.8,1.6267412,1.6267412,-1.8,1.6267412,-1.8,2.0,-2.0,2.0,-2.0,111,mosi,text,1.0,0.0,0.0,text,0.7142857313156128,0.8484848737716675,0.7435897588729858
1,1,c7UH_rxdZv4$_$25,0.0,1.0927274,1.0927274,0.0,1.0927274,0.0,1.0,0.0,1.0,0.0,111,mosi,text,1.0,0.0,0.0,text,0.5555555820465088,0.6428571343421936,0.8199999928474426
2,2,c7UH_rxdZv4$_$26,-2.6,0.09112702,0.09112702,-2.6,0.09112702,-2.0,0.0,-3.0,0.0,-2.0,111,mosi,text,1.0,0.0,0.0,text,0.8181818127632141,0.8536585569381714,0.7799999713897705
3,3,c7UH_rxdZv4$_$27,-1.8,-0.45981032,-0.45981032,-1.8,-0.45981032,-1.8,-0.0,-2.0,-0.0,-2.0,111,mosi,text,1.0,0.0,0.0,text,0.782608687877655,0.800000011920929,0.7886179089546204
4,4,c7UH_rxdZv4$_$20,-1.8,-0.75640756,-0.75640756,-1.8,-0.75640756,-1.8,-1.0,-2.0,-1.0,-2.0,111,mosi,text,1.0,0.0,0.0,text,0.8333333134651184,0.8082191944122314,0.8409090638160706
5,5,c7UH_rxdZv4$_$21,-0.8,0.6390911,0.6390911,-0.8,0.6390911,-0.8,1.0,-1.0,1.0,-1.0,111,mosi,text,1.0,0.0,0.0,text,0.8421052694320679,0.8478260636329651,0.7701149582862854
6,6,c7UH_rxdZv4$_$22,-2.4,-0.523379,-0.523379,-2.4,-0.523379,-2.0,-1.0,-2.0,-1.0,-2.0,111,mosi,text,1.0,0.0,0.0,text,0.7142857313156128,0.7704917788505554,0.767123281955719
7,7,c7UH_rxdZv4$_$23,-0.6,1.065889,1.065889,-0.6,1.065889,-0.6,1.0,-1.0,1.0,-1.0,111,mosi,text,1.0,0.0,0.0,text,0.5833333134651184,0.9666666388511658,0.7777777910232544
8,8,c7UH_rxdZv4$_$28,-0.8,-0.49214473,-0.49214473,-0.8,-0.49214473,-0.8,-0.0,-1.0,-0.0,-1.0,111,mosi,text,1.0,0.0,0.0,text,0.6363636255264282,0.8269230723381042,0.7903226017951965
9,9,c7UH_rxdZv4$_$29,0.6,1.3434132,1.3434132,0.6,1.3434132,0.6,1.0,1.0,1.0,1.0,111,mosi,text,1.0,0.0,0.0,text,0.8333333134651184,0.8297872543334961,0.8421052694320679
10,10,c7UH_rxdZv4$_$1,-2.8,-0.45447144,-0.45447144,-2.8,-0.45447144,-2.0,-0.0,-3.0,-0.0,-2.0,111,mosi,text,1.0,0.0,0.0,text,0.75,0.7878788113594055,0.9230769276618958
11,11,c7UH_rxdZv4$_$3,-0.8,-0.26952636,-0.26952636,-0.8,-0.26952636,-0.8,-0.0,-1.0,-0.0,-1.0,111,mosi,text,1.0,0.0,0.0,text,0.8571428656578064,0.9090909361839294,0.8461538553237915
12,12,c7UH_rxdZv4$_$2,-2.6,-0.45982602,-0.45982602,-2.6,-0.45982602,-2.0,-0.0,-3.0,-0.0,-2.0,111,mosi,text,1.0,0.0,0.0,text,0.800000011920929,0.8095238208770752,0.7599999904632568
13,13,c7UH_rxdZv4$_$5,-2.2,0.8761342,0.8761342,-2.2,0.8761342,-2.0,1.0,-2.0,1.0,-2.0,111,mosi,text,1.0,0.0,0.0,text,0.6842105388641357,0.8703703880310059,0.828125
14,14,c7UH_rxdZv4$_$4,1.6,1.6313776,1.6313776,1.6,1.6313776,1.6,2.0,2.0,2.0,2.0,111,mosi,text,1.0,0.0,0.0,text,0.9333333373069763,0.8627451062202454,0.7868852615356445
15,15,c7UH_rxdZv4$_$7,-3.0,-0.5352083,-0.5352083,-3.0,-0.5352083,-2.0,-1.0,-3.0,-1.0,-2.0,111,mosi,text,1.0,0.0,0.0,text,0.8571428656578064,0.9375,0.800000011920929
16,16,c7UH_rxdZv4$_$6,-2.6,-0.5178766,-0.5178766,-2.6,-0.5178766,-2.0,-1.0,-3.0,-1.0,-2.0,111,mosi,text,1.0,0.0,0.0,text,0.8399999737739563,0.75,0.7699999809265137
17,17,c7UH_rxdZv4$_$9,-0.4,-0.027252823,-0.027252823,-0.4,-0.027252823,-0.4,-0.0,-0.0,-0.0,-0.0,111,mosi,text,1.0,0.0,0.0,text,0.8518518805503845,0.71875,0.8235294222831726
18,18,c7UH_rxdZv4$_$8,-2.8,0.93718696,0.93718696,-2.8,0.93718696,-2.0,1.0,-3.0,1.0,-2.0,111,mosi,text,1.0,0.0,0.0,text,0.8500000238418579,0.7528089880943298,0.8153846263885498
19,19,c7UH_rxdZv4$_$11,1.0,0.084620684,0.084620684,1.0,0.084620684,1.0,0.0,1.0,0.0,1.0,111,mosi,text,1.0,0.0,0.0,text,0.8333333134651184,0.75,0.7446808218955994
20,20,c7UH_rxdZv4$_$10,0.8,-0.18889278,-0.18889278,0.8,-0.18889278,0.8,-0.0,1.0,-0.0,1.0,111,mosi,text,1.0,0.0,0.0,text,0.8928571343421936,0.7567567825317383,0.8181818127632141
21,21,c7UH_rxdZv4$_$13,-2.6,-0.4045345,-0.4045345,-2.6,-0.4045345,-2.0,-0.0,-3.0,-0.0,-2.0,111,mosi,text,1.0,0.0,0.0,text,1.0,0.8125,0.9459459185600281
22,22,c7UH_rxdZv4$_$12,-2.8,-0.50267047,-0.50267047,-2.8,-0.50267047,-2.0,-1.0,-3.0,-1.0,-2.0,111,mosi,text,1.0,0.0,0.0,text,0.7142857313156128,0.7575757503509521,0.75
23,23,c7UH_rxdZv4$_$15,-2.4,-1.1054308,-1.1054308,-2.4,-1.1054308,-2.0,-1.0,-2.0,-1.0,-2.0,111,mosi,text,1.0,0.0,0.0,text,1.0,0.75,0.800000011920929
24,24,c7UH_rxdZv4$_$14,1.2,0.16068286,0.16068286,1.2,0.16068286,1.2,0.0,1.0,0.0,1.0,111,mosi,text,1.0,0.0,0.0,text,0.75,0.8333333134651184,0.8103448152542114
25,25,c7UH_rxdZv4$_$17,-1.4,-0.13921425,-0.13921425,-1.4,-0.13921425,-1.4,-0.0,-1.0,-0.0,-1.0,111,mosi,text,1.0,0.0,0.0,text,0.75,0.6666666865348816,0.7906976938247681
26,26,c7UH_rxdZv4$_$16,-2.0,-1.1400577,-1.1400577,-2.0,-1.1400577,-2.0,-1.0,-2.0,-1.0,-2.0,111,mosi,text,1.0,0.0,0.0,text,1.0,0.7727272510528564,0.7692307829856873
27,27,c7UH_rxdZv4$_$19,-1.8,0.5223866,0.5223866,-1.8,0.5223866,-1.8,1.0,-2.0,1.0,-2.0,111,mosi,text,1.0,0.0,0.0,text,0.6666666865348816,0.8222222328186035,0.7407407164573669
28,28,c7UH_rxdZv4$_$18,-2.25,-0.9585098,-0.9585098,-2.25,-0.9585098,-2.0,-1.0,-2.0,-1.0,-2.0,111,mosi,text,1.0,0.0,0.0,text,0.9333333373069763,0.7758620977401733,0.782608687877655
29,29,c7UH_rxdZv4$_$31,-1.4,-0.60586506,-0.60586506,-1.4,-0.60586506,-1.4,-1.0,-1.0,-1.0,-1.0,111,mosi,text,1.0,0.0,0.0,text,0.8235294222831726,0.8089887499809265,0.8598130941390991
30,30,c7UH_rxdZv4$_$30,1.2,1.1982257,1.1982257,1.2,1.1982257,1.2,1.0,1.0,1.0,1.0,111,mosi,text,1.0,0.0,0.0,text,1.0,0.800000011920929,0.7714285850524902
31,31,c7UH_rxdZv4$_$33,-1.8,-0.62604463,-0.62604463,-1.8,-0.62604463,-1.8,-1.0,-2.0,-1.0,-2.0,111,mosi,text,1.0,0.0,0.0,text,1.0,0.5333333611488342,0.7222222089767456
32,32,c7UH_rxdZv4$_$32,-2.2,-0.45356935,-0.45356935,-2.2,-0.45356935,-2.0,-0.0,-2.0,-0.0,-2.0,111,mosi,text,1.0,0.0,0.0,text,0.6666666865348816,0.8500000238418579,0.8260869383811951
33,33,cM3Yna7AavY$_$11,2.0,1.471347,1.471347,2.0,1.471347,2.0,1.0,2.0,1.0,2.0,111,mosi,text,1.0,0.0,0.0,text,0.8888888955116272,0.5600000023841858,0.7666666507720947
34,34,cM3Yna7AavY$_$10,1.6,1.0674379,1.0674379,1.6,1.0674379,1.6,1.0,2.0,1.0,2.0,111,mosi,text,1.0,0.0,0.0,text,0.8571428656578064,0.7368420958518982,0.782608687877655
35,35,cM3Yna7AavY$_$13,-1.6,1.6612523,1.6612523,-1.6,1.6612523,-1.6,2.0,-2.0,2.0,-2.0,111,mosi,text,1.0,0.0,0.0,text,0.699999988079071,1.0,0.8125
36,36,cM3Yna7AavY$_$12,-1.0,-0.46421945,-0.46421945,-1.0,-0.46421945,-1.0,-0.0,-1.0,-0.0,-1.0,111,mosi,text,1.0,0.0,0.0,text,0.7857142686843872,0.8913043737411499,0.6486486196517944
37,37,cM3Yna7AavY$_$15,-2.4,-1.0286329,-1.0286329,-2.4,-1.0286329,-2.0,-1.0,-2.0,-1.0,-2.0,111,mosi,text,1.0,0.0,0.0,text,0.9090909361839294,0.75,0.6666666865348816
38,38,cM3Yna7AavY$_$14,-2.6,1.0722528,1.0722528,-2.6,1.0722528,-2.0,1.0,-3.0,1.0,-2.0,111,mosi,text,1.0,0.0,0.0,text,0.7777777910232544,0.695652186870575,0.7407407164573669
39,39,cM3Yna7AavY$_$16,-2.8,-0.8715533,-0.8715533,-2.8,-0.8715533,-2.0,-1.0,-3.0,-1.0,-2.0,111,mosi,text,1.0,0.0,0.0,text,0.8999999761581421,0.6785714030265808,0.7941176295280457
40,40,cM3Yna7AavY$_$1,2.2,-0.4656075,-0.4656075,2.2,-0.4656075,2.0,-0.0,2.0,-0.0,2.0,111,mosi,text,1.0,0.0,0.0,text,0.8999999761581421,0.7900000214576721,0.75789475440979
41,41,cM3Yna7AavY$_$3,1.0,-0.043990143,-0.043990143,1.0,-0.043990143,1.0,-0.0,1.0,-0.0,1.0,111,mosi,text,1.0,0.0,0.0,text,0.8125,0.8085106611251831,0.7241379022598267
42,42,cM3Yna7AavY$_$2,2.5,0.7654773,0.7654773,2.5,0.7654773,2.0,1.0,2.0,1.0,2.0,111,mosi,text,1.0,0.0,0.0,text,0.9285714030265808,0.807692289352417,0.699999988079071
43,43,cM3Yna7AavY$_$5,2.8,-0.375293,-0.375293,2.8,-0.375293,2.0,-0.0,3.0,-0.0,2.0,111,mosi,text,1.0,0.0,0.0,text,0.8333333134651184,0.7906976938247681,0.807692289352417
44,44,cM3Yna7AavY$_$4,0.6,0.20146775,0.20146775,0.6,0.20146775,0.6,0.0,1.0,0.0,1.0,111,mosi,text,1.0,0.0,0.0,text,0.75,0.8314606547355652,0.875
45,45,cM3Yna7AavY$_$7,3.0,2.463709,2.463709,3.0,2.0,2.0,2.0,3.0,2.0,2.0,111,mosi,text,1.0,0.0,0.0,text,0.6666666865348816,0.7837837934494019,0.7250000238418579
46,46,cM3Yna7AavY$_$6,2.8,1.5083286,1.5083286,2.8,1.5083286,2.0,2.0,3.0,2.0,2.0,111,mosi,text,1.0,0.0,0.0,text,0.8666666746139526,0.75,0.770370364189148
47,47,cM3Yna7AavY$_$9,-0.2,0.50499445,0.50499445,-0.2,0.50499445,-0.2,1.0,-0.0,1.0,-0.0,111,mosi,text,1.0,0.0,0.0,text,0.7777777910232544,0.7397260069847107,0.8045976758003235
48,48,cM3Yna7AavY$_$8,-0.6,-0.5923324,-0.5923324,-0.6,-0.5923324,-0.6,-1.0,-1.0,-1.0,-1.0,111,mosi,text,1.0,0.0,0.0,text,0.8999999761581421,0.5714285969734192,0.8799999952316284
49,49,cW1FSBF59ik$_$24,0.0,1.1379216,1.1379216,0.0,1.1379216,0.0,1.0,0.0,1.0,0.0,111,mosi,text,1.0,0.0,0.0,text,0.800000011920929,0.8620689511299133,0.8285714387893677
50,50,cW1FSBF59ik$_$20,2.5,1.3714375,1.3714375,2.5,1.3714375,2.0,1.0,2.0,1.0,2.0,111,mosi,text,1.0,0.0,0.0,text,0.7272727489471436,0.8245614171028137,0.7681159377098083
51,51,cW1FSBF59ik$_$21,1.6,0.60279804,0.60279804,1.6,0.60279804,1.6,1.0,2.0,1.0,2.0,111,mosi,text,1.0,0.0,0.0,text,0.6153846383094788,0.931034505367279,0.8823529481887817
52,52,cW1FSBF59ik$_$22,-1.0,0.8182437,0.8182437,-1.0,0.8182437,-1.0,1.0,-1.0,1.0,-1.0,111,mosi,text,1.0,0.0,0.0,text,0.9200000166893005,0.813725471496582,0.737500011920929
53,53,cW1FSBF59ik$_$23,1.4,1.0973701,1.0973701,1.4,1.0973701,1.4,1.0,1.0,1.0,1.0,111,mosi,text,1.0,0.0,0.0,text,0.761904776096344,0.8172042965888977,0.7678571343421936
54,54,cW1FSBF59ik$_$1,-2.6,0.19460219,0.19460219,-2.6,0.19460219,-2.0,0.0,-3.0,0.0,-2.0,111,mosi,text,1.0,0.0,0.0,text,0.8181818127632141,0.739130437374115,0.8072289228439331
55,55,cW1FSBF59ik$_$3,-1.0,-0.8890708,-0.8890708,-1.0,-0.8890708,-1.0,-1.0,-1.0,-1.0,-1.0,111,mosi,text,1.0,0.0,0.0,text,0.8636363744735718,0.8730158805847168,0.8636363744735718
56,56,cW1FSBF59ik$_$2,3.0,1.3903995,1.3903995,3.0,1.3903995,2.0,1.0,3.0,1.0,2.0,111,mosi,text,1.0,0.0,0.0,text,0.875,0.7757009267807007,0.8294573426246643
57,57,cW1FSBF59ik$_$5,2.0,0.8390275,0.8390275,2.0,0.8390275,2.0,1.0,2.0,1.0,2.0,111,mosi,text,1.0,0.0,0.0,text,0.8333333134651184,1.0,0.8461538553237915
58,58,cW1FSBF59ik$_$4,1.6,1.6169916,1.6169916,1.6,1.6169916,1.6,2.0,2.0,2.0,2.0,111,mosi,text,1.0,0.0,0.0,text,0.8333333134651184,0.8101266026496887,0.800000011920929
59,59,cW1FSBF59ik$_$7,0.5,1.1429092,1.1429092,0.5,1.1429092,0.5,1.0,0.0,1.0,0.0,111,mosi,text,1.0,0.0,0.0,text,0.800000011920929,0.8235294222831726,0.8999999761581421
60,60,cW1FSBF59ik$_$6,1.2,1.0054406,1.0054406,1.2,1.0054406,1.2,1.0,1.0,1.0,1.0,111,mosi,text,1.0,0.0,0.0,text,0.75,0.9230769276618958,0.800000011920929
61,61,cW1FSBF59ik$_$9,-2.4,0.055205524,0.055205524,-2.4,0.055205524,-2.0,0.0,-2.0,0.0,-2.0,111,mosi,text,1.0,0.0,0.0,text,0.7333333492279053,0.7659574747085571,0.7857142686843872
62,62,cW1FSBF59ik$_$8,1.8,0.93981385,0.93981385,1.8,0.93981385,1.8,1.0,2.0,1.0,2.0,111,mosi,text,1.0,0.0,0.0,text,0.8571428656578064,0.800000011920929,0.9032257795333862
63,63,cW1FSBF59ik$_$11,-1.0,-0.8469056,-0.8469056,-1.0,-0.8469056,-1.0,-1.0,-1.0,-1.0,-1.0,111,mosi,text,1.0,0.0,0.0,text,0.9411764740943909,0.8117647171020508,0.7572815418243408
64,64,cW1FSBF59ik$_$10,-1.0,1.3406143,1.3406143,-1.0,1.3406143,-1.0,1.0,-1.0,1.0,-1.0,111,mosi,text,1.0,0.0,0.0,text,0.8888888955116272,0.7361111044883728,0.8023256063461304
65,65,cW1FSBF59ik$_$13,2.0,0.96878415,0.96878415,2.0,0.96878415,2.0,1.0,2.0,1.0,2.0,111,mosi,text,1.0,0.0,0.0,text,0.9473684430122375,0.7721518874168396,0.8404255509376526
66,66,cW1FSBF59ik$_$12,2.2,-1.0381182,-1.0381182,2.2,-1.0381182,2.0,-1.0,2.0,-1.0,2.0,111,mosi,text,1.0,0.0,0.0,text,0.800000011920929,0.7777777910232544,0.8372092843055725
67,67,cW1FSBF59ik$_$15,-2.6,-0.9576876,-0.9576876,-2.6,-0.9576876,-2.0,-1.0,-3.0,-1.0,-2.0,111,mosi,text,1.0,0.0,0.0,text,0.8333333134651184,0.7553191781044006,0.7256637215614319
68,68,cW1FSBF59ik$_$14,-1.2,-0.97593045,-0.97593045,-1.2,-0.97593045,-1.2,-1.0,-1.0,-1.0,-1.0,111,mosi,text,1.0,0.0,0.0,text,0.739130437374115,0.7596153616905212,0.7857142686843872
69,69,cW1FSBF59ik$_$17,2.4,1.8436922,1.8436922,2.4,1.8436922,2.0,2.0,2.0,2.0,2.0,111,mosi,text,1.0,0.0,0.0,text,0.5,0.692307710647583,1.0
70,70,cW1FSBF59ik$_$16,3.0,-0.2199868,-0.2199868,3.0,-0.2199868,2.0,-0.0,3.0,-0.0,2.0,111,mosi,text,1.0,0.0,0.0,text,0.8125,0.75,0.8414633870124817
71,71,cW1FSBF59ik$_$19,0.2,0.23452482,0.23452482,0.2,0.23452482,0.2,0.0,0.0,0.0,0.0,111,mosi,text,1.0,0.0,0.0,text,0.800000011920929,0.7916666865348816,0.8620689511299133
72,72,cW1FSBF59ik$_$18,2.6,1.8704127,1.8704127,2.6,1.8704127,2.0,2.0,3.0,2.0,2.0,111,mosi,text,1.0,0.0,0.0,text,0.8181818127632141,0.7323943376541138,0.8488371968269348
73,73,cXypl4FnoZo$_$24,0.2,-0.9866754,-0.9866754,0.2,-0.9866754,0.2,-1.0,0.0,-1.0,0.0,111,mosi,text,1.0,0.0,0.0,text,0.7200000286102295,0.8504672646522522,0.8888888955116272
74,74,cXypl4FnoZo$_$25,-1.2,0.10316282,0.10316282,-1.2,0.10316282,-1.2,0.0,-1.0,0.0,-1.0,111,mosi,text,1.0,0.0,0.0,text,0.8095238208770752,0.7755101919174194,0.7966101765632629
75,75,cXypl4FnoZo$_$26,0.6,0.80483735,0.80483735,0.6,0.80483735,0.6,1.0,1.0,1.0,1.0,111,mosi,text,1.0,0.0,0.0,text,1.0,0.8666666746139526,0.7777777910232544
76,76,cXypl4FnoZo$_$27,0.8,-0.53541785,-0.53541785,0.8,-0.53541785,0.8,-1.0,1.0,-1.0,1.0,111,mosi,text,1.0,0.0,0.0,text,0.9285714030265808,0.75,0.8333333134651184
77,77,cXypl4FnoZo$_$20,-1.0,-0.06570868,-0.06570868,-1.0,-0.06570868,-1.0,-0.0,-1.0,-0.0,-1.0,111,mosi,text,1.0,0.0,0.0,text,0.9375,0.7627118825912476,0.800000011920929
78,78,cXypl4FnoZo$_$21,-0.6,-1.0874815,-1.0874815,-0.6,-1.0874815,-0.6,-1.0,-1.0,-1.0,-1.0,111,mosi,text,1.0,0.0,0.0,text,0.8095238208770752,0.8387096524238586,0.8918918967247009
79,79,cXypl4FnoZo$_$22,0.2,-0.54411393,-0.54411393,0.2,-0.54411393,0.2,-1.0,0.0,-1.0,0.0,111,mosi,text,1.0,0.0,0.0,text,0.7777777910232544,0.8301886916160583,0.8163265585899353
80,80,cXypl4FnoZo$_$23,0.4,0.27408862,0.27408862,0.4,0.27408862,0.4,0.0,0.0,0.0,0.0,111,mosi,text,1.0,0.0,0.0,text,1.0,0.699999988079071,0.8333333134651184
81,81,cXypl4FnoZo$_$28,-2.2,-0.71790594,-0.71790594,-2.2,-0.71790594,-2.0,-1.0,-2.0,-1.0,-2.0,111,mosi,text,1.0,0.0,0.0,text,0.8181818127632141,0.7599999904632568,0.800000011920929
82,82,cXypl4FnoZo$_$29,-1.4,-0.5200004,-0.5200004,-1.4,-0.5200004,-1.4,-1.0,-1.0,-1.0,-1.0,111,mosi,text,1.0,0.0,0.0,text,0.8571428656578064,0.699999988079071,1.0
83,83,cXypl4FnoZo$_$1,1.0,0.23756394,0.23756394,1.0,0.23756394,1.0,0.0,1.0,0.0,1.0,111,mosi,text,1.0,0.0,0.0,text,0.8461538553237915,0.8695651888847351,0.7777777910232544
84,84,cXypl4FnoZo$_$3,1.8,1.7506658,1.7506658,1.8,1.7506658,1.8,2.0,2.0,2.0,2.0,111,mosi,text,1.0,0.0,0.0,text,0.7142857313156128,0.8181818127632141,1.0
85,85,cXypl4FnoZo$_$2,1.0,0.7061439,0.7061439,1.0,0.7061439,1.0,1.0,1.0,1.0,1.0,111,mosi,text,1.0,0.0,0.0,text,0.5714285969734192,0.8387096524238586,0.7297297120094299
86,86,cXypl4FnoZo$_$5,1.8,1.4378256,1.4378256,1.8,1.4378256,1.8,1.0,2.0,1.0,2.0,111,mosi,text,1.0,0.0,0.0,text,0.8125,0.774193525314331,0.8918918967247009
87,87,cXypl4FnoZo$_$4,-0.8,-0.86134124,-0.86134124,-0.8,-0.86134124,-0.8,-1.0,-1.0,-1.0,-1.0,111,mosi,text,1.0,0.0,0.0,text,0.875,0.8450704216957092,0.8705882430076599
88,88,cXypl4FnoZo$_$7,-1.0,-1.0280415,-1.0280415,-1.0,-1.0280415,-1.0,-1.0,-1.0,-1.0,-1.0,111,mosi,text,1.0,0.0,0.0,text,1.0,0.8636363744735718,0.8518518805503845
89,89,cXypl4FnoZo$_$6,-0.6,0.32416221,0.32416221,-0.6,0.32416221,-0.6,0.0,-1.0,0.0,-1.0,111,mosi,text,1.0,0.0,0.0,text,0.7894737124443054,0.843137264251709,0.7333333492279053
90,90,cXypl4FnoZo$_$9,1.2,0.58528167,0.58528167,1.2,0.58528167,1.2,1.0,1.0,1.0,1.0,111,mosi,text,1.0,0.0,0.0,text,0.8421052694320679,0.8367347121238708,0.8103448152542114
91,91,cXypl4FnoZo$_$8,1.4,-0.1521731,-0.1521731,1.4,-0.1521731,1.4,-0.0,1.0,-0.0,1.0,111,mosi,text,1.0,0.0,0.0,text,0.782608687877655,0.8028169274330139,0.8214285969734192
92,92,cXypl4FnoZo$_$11,1.4,-0.7172493,-0.7172493,1.4,-0.7172493,1.4,-1.0,1.0,-1.0,1.0,111,mosi,text,1.0,0.0,0.0,text,0.8387096524238586,0.8620689511299133,0.8571428656578064
93,93,cXypl4FnoZo$_$10,2.0,0.8144801,0.8144801,2.0,0.8144801,2.0,1.0,2.0,1.0,2.0,111,mosi,text,1.0,0.0,0.0,text,0.6666666865348816,0.8484848737716675,0.7692307829856873
94,94,cXypl4FnoZo$_$13,-1.0,-0.7137673,-0.7137673,-1.0,-0.7137673,-1.0,-1.0,-1.0,-1.0,-1.0,111,mosi,text,1.0,0.0,0.0,text,0.8500000238418579,0.800000011920929,0.6000000238418579
95,95,cXypl4FnoZo$_$12,2.0,1.7393907,1.7393907,2.0,1.7393907,2.0,2.0,2.0,2.0,2.0,111,mosi,text,1.0,0.0,0.0,text,0.9333333373069763,0.8333333134651184,0.8163265585899353
96,96,cXypl4FnoZo$_$15,0.0,-0.41218397,-0.41218397,0.0,-0.41218397,0.0,-0.0,0.0,-0.0,0.0,111,mosi,text,1.0,0.0,0.0,text,0.8333333134651184,0.800000011920929,0.843137264251709
97,97,cXypl4FnoZo$_$14,-0.6,-0.95316607,-0.95316607,-0.6,-0.95316607,-0.6,-1.0,-1.0,-1.0,-1.0,111,mosi,text,1.0,0.0,0.0,text,0.7586206793785095,0.7432432174682617,0.8202247023582458
98,98,cXypl4FnoZo$_$17,-0.6,-0.7855199,-0.7855199,-0.6,-0.7855199,-0.6,-1.0,-1.0,-1.0,-1.0,111,mosi,text,1.0,0.0,0.0,text,0.7692307829856873,0.7586206793785095,0.8571428656578064
99,99,cXypl4FnoZo$_$16,-0.6,-0.9491456,-0.9491456,-0.6,-0.9491456,-0.6,-1.0,-1.0,-1.0,-1.0,111,mosi,text,1.0,0.0,0.0,text,0.6551724076271057,0.8125,0.7758620977401733
100,100,cXypl4FnoZo$_$19,0.8,-0.8449244,-0.8449244,0.8,-0.8449244,0.8,-1.0,1.0,-1.0,1.0,111,mosi,text,1.0,0.0,0.0,text,0.875,0.7922077775001526,0.800000011920929
101,101,cXypl4FnoZo$_$18,-0.25,-0.78791267,-0.78791267,-0.25,-0.78791267,-0.25,-1.0,-0.0,-1.0,-0.0,111,mosi,text,1.0,0.0,0.0,text,0.8095238208770752,0.8630136847496033,0.8045976758003235
102,102,d3_k5Xpfmik$_$11,2.4,1.8421268,1.8421268,2.4,1.8421268,2.0,2.0,2.0,2.0,2.0,111,mosi,text,1.0,0.0,0.0,text,1.0,0.7457627058029175,0.7714285850524902
103,103,d3_k5Xpfmik$_$10,0.4,0.2088086,0.2088086,0.4,0.2088086,0.4,0.0,0.0,0.0,0.0,111,mosi,text,1.0,0.0,0.0,text,0.9285714030265808,0.800000011920929,0.8311688303947449
104,104,d3_k5Xpfmik$_$13,2.2,1.6538591,1.6538591,2.2,1.6538591,2.0,2.0,2.0,2.0,2.0,111,mosi,text,1.0,0.0,0.0,text,1.0,0.9047619104385376,0.6800000071525574
105,105,d3_k5Xpfmik$_$12,2.0,0.703504,0.703504,2.0,0.703504,2.0,1.0,2.0,1.0,2.0,111,mosi,text,1.0,0.0,0.0,text,0.875,0.8166666626930237,0.7887324094772339
106,106,d3_k5Xpfmik$_$15,2.6,1.400367,1.400367,2.6,1.400367,2.0,1.0,3.0,1.0,2.0,111,mosi,text,1.0,0.0,0.0,text,0.8857142925262451,0.875,0.7894737124443054
107,107,d3_k5Xpfmik$_$14,2.0,-0.2507545,-0.2507545,2.0,-0.2507545,2.0,-0.0,2.0,-0.0,2.0,111,mosi,text,1.0,0.0,0.0,text,0.804347813129425,0.7222222089767456,0.8354430198669434
108,108,d3_k5Xpfmik$_$17,1.6,0.7237601,0.7237601,1.6,0.7237601,1.6,1.0,2.0,1.0,2.0,111,mosi,text,1.0,0.0,0.0,text,1.0,0.7027027010917664,0.7954545617103577
109,109,d3_k5Xpfmik$_$16,2.0,1.9513346,1.9513346,2.0,1.9513346,2.0,2.0,2.0,2.0,2.0,111,mosi,text,1.0,0.0,0.0,text,0.8999999761581421,0.8260869383811951,0.5714285969734192
110,110,d3_k5Xpfmik$_$19,0.2,1.2308599,1.2308599,0.2,1.2308599,0.2,1.0,0.0,1.0,0.0,111,mosi,text,1.0,0.0,0.0,text,0.8529411554336548,0.8240740895271301,0.7984496355056763
111,111,d3_k5Xpfmik$_$18,0.8,0.48420614,0.48420614,0.8,0.48420614,0.8,0.0,1.0,0.0,1.0,111,mosi,text,1.0,0.0,0.0,text,0.7142857313156128,0.6486486196517944,0.75
112,112,d3_k5Xpfmik$_$1,2.0,1.5850059,1.5850059,2.0,1.5850059,2.0,2.0,2.0,2.0,2.0,111,mosi,text,1.0,0.0,0.0,text,0.9599999785423279,0.8428571224212646,0.773809552192688
113,113,d3_k5Xpfmik$_$3,2.0,2.1309962,2.1309962,2.0,2.0,2.0,2.0,2.0,2.0,2.0,111,mosi,text,1.0,0.0,0.0,text,0.692307710647583,0.8421052694320679,0.6764705777168274
114,114,d3_k5Xpfmik$_$2,0.0,0.90879333,0.90879333,0.0,0.90879333,0.0,1.0,0.0,1.0,0.0,111,mosi,text,1.0,0.0,0.0,text,0.75,0.8214285969734192,0.9117646813392639
115,115,d3_k5Xpfmik$_$5,2.2,1.553143,1.553143,2.2,1.553143,2.0,2.0,2.0,2.0,2.0,111,mosi,text,1.0,0.0,0.0,text,0.5384615659713745,0.8787878751754761,0.7749999761581421
116,116,d3_k5Xpfmik$_$4,-1.0,-0.85158485,-0.85158485,-1.0,-0.85158485,-1.0,-1.0,-1.0,-1.0,-1.0,111,mosi,text,1.0,0.0,0.0,text,0.9444444179534912,0.7234042286872864,0.7678571343421936
117,117,d3_k5Xpfmik$_$7,0.4,-0.27471808,-0.27471808,0.4,-0.27471808,0.4,-0.0,0.0,-0.0,0.0,111,mosi,text,1.0,0.0,0.0,text,0.625,0.7228915691375732,0.8095238208770752
118,118,d3_k5Xpfmik$_$6,1.6,1.9056726,1.9056726,1.6,1.9056726,1.6,2.0,2.0,2.0,2.0,111,mosi,text,1.0,0.0,0.0,text,0.9090909361839294,0.6835442781448364,0.8541666865348816
119,119,d3_k5Xpfmik$_$9,1.4,0.9858082,0.9858082,1.4,0.9858082,1.4,1.0,1.0,1.0,1.0,111,mosi,text,1.0,0.0,0.0,text,1.0,0.75,0.8684210777282715
120,120,d3_k5Xpfmik$_$8,2.2,2.1093972,2.1093972,2.2,2.0,2.0,2.0,2.0,2.0,2.0,111,mosi,text,1.0,0.0,0.0,text,1.0,0.8333333134651184,0.9047619104385376
121,121,d6hH302o4v8$_$42,-1.4,-1.0852467,-1.0852467,-1.4,-1.0852467,-1.4,-1.0,-1.0,-1.0,-1.0,111,mosi,text,1.0,0.0,0.0,text,1.0,0.8620689511299133,0.8823529481887817
122,122,d6hH302o4v8$_$43,-2.5,1.9809647,1.9809647,-2.5,1.9809647,-2.0,2.0,-2.0,2.0,-2.0,111,mosi,text,1.0,0.0,0.0,text,0.7692307829856873,0.90625,0.8157894611358643
123,123,d6hH302o4v8$_$24,-2.8,-1.3059411,-1.3059411,-2.8,-1.3059411,-2.0,-1.0,-3.0,-1.0,-2.0,111,mosi,text,1.0,0.0,0.0,text,0.75,0.8260869383811951,0.7407407164573669
124,124,d6hH302o4v8$_$25,-1.6,-1.3094256,-1.3094256,-1.6,-1.3094256,-1.6,-1.0,-2.0,-1.0,-2.0,111,mosi,text,1.0,0.0,0.0,text,1.0,0.7692307829856873,0.875
125,125,d6hH302o4v8$_$26,-2.6,-1.2015433,-1.2015433,-2.6,-1.2015433,-2.0,-1.0,-3.0,-1.0,-2.0,111,mosi,text,1.0,0.0,0.0,text,1.0,0.8333333134651184,0.6000000238418579
126,126,d6hH302o4v8$_$27,-2.6,-0.78342646,-0.78342646,-2.6,-0.78342646,-2.0,-1.0,-3.0,-1.0,-2.0,111,mosi,text,1.0,0.0,0.0,text,1.0,0.7777777910232544,0.8181818127632141
127,127,d6hH302o4v8$_$20,1.0,0.30477533,0.30477533,1.0,0.30477533,1.0,0.0,1.0,0.0,1.0,111,mosi,text,1.0,0.0,0.0,text,0.8571428656578064,0.8399999737739563,0.7666666507720947
128,128,d6hH302o4v8$_$21,-2.4,-1.4007382,-1.4007382,-2.4,-1.4007382,-2.0,-1.0,-2.0,-1.0,-2.0,111,mosi,text,1.0,0.0,0.0,text,0.8181818127632141,0.8275862336158752,0.8235294222831726
129,129,d6hH302o4v8$_$22,-1.0,-0.82692397,-0.82692397,-1.0,-0.82692397,-1.0,-1.0,-1.0,-1.0,-1.0,111,mosi,text,1.0,0.0,0.0,text,0.7777777910232544,0.9189189076423645,0.8888888955116272
130,130,d6hH302o4v8$_$23,-2.6,-1.0649372,-1.0649372,-2.6,-1.0649372,-2.0,-1.0,-3.0,-1.0,-2.0,111,mosi,text,1.0,0.0,0.0,text,0.8888888955116272,0.8529411554336548,0.7250000238418579
131,131,d6hH302o4v8$_$28,-1.0,-0.6191289,-0.6191289,-1.0,-0.6191289,-1.0,-1.0,-1.0,-1.0,-1.0,111,mosi,text,1.0,0.0,0.0,text,0.8571428656578064,0.7916666865348816,0.7586206793785095
132,132,d6hH302o4v8$_$29,-1.8,-0.90669537,-0.90669537,-1.8,-0.90669537,-1.8,-1.0,-2.0,-1.0,-2.0,111,mosi,text,1.0,0.0,0.0,text,0.8148148059844971,0.7571428418159485,0.8292682766914368
133,133,d6hH302o4v8$_$40,-1.0,-1.03733,-1.03733,-1.0,-1.03733,-1.0,-1.0,-1.0,-1.0,-1.0,111,mosi,text,1.0,0.0,0.0,text,1.0,1.0,0.5
134,134,d6hH302o4v8$_$41,-2.4,-0.9136022,-0.9136022,-2.4,-0.9136022,-2.0,-1.0,-2.0,-1.0,-2.0,111,mosi,text,1.0,0.0,0.0,text,0.875,0.8947368264198303,0.8260869383811951
135,135,d6hH302o4v8$_$1,-2.8,-1.5058372,-1.5058372,-2.8,-1.5058372,-2.0,-2.0,-3.0,-2.0,-2.0,111,mosi,text,1.0,0.0,0.0,text,1.0,0.7749999761581421,0.7708333134651184
136,136,d6hH302o4v8$_$3,0.2,0.35968447,0.35968447,0.2,0.35968447,0.2,0.0,0.0,0.0,0.0,111,mosi,text,1.0,0.0,0.0,text,0.8888888955116272,0.795918345451355,0.8620689511299133
137,137,d6hH302o4v8$_$2,-1.8,0.807372,0.807372,-1.8,0.807372,-1.8,1.0,-2.0,1.0,-2.0,111,mosi,text,1.0,0.0,0.0,text,0.7272727489471436,0.8787878751754761,0.7948718070983887
138,138,d6hH302o4v8$_$5,-1.3333334,-0.5461289,-0.5461289,-1.3333334,-0.5461289,-1.3333334,-1.0,-1.0,-1.0,-1.0,111,mosi,text,1.0,0.0,0.0,text,0.8571428656578064,0.800000011920929,0.8333333134651184
139,139,d6hH302o4v8$_$4,-1.6,-1.0411056,-1.0411056,-1.6,-1.0411056,-1.6,-1.0,-2.0,-1.0,-2.0,111,mosi,text,1.0,0.0,0.0,text,0.75,0.8823529481887817,0.8500000238418579
140,140,d6hH302o4v8$_$7,-2.8,-0.5971631,-0.5971631,-2.8,-0.5971631,-2.0,-1.0,-3.0,-1.0,-2.0,111,mosi,text,1.0,0.0,0.0,text,0.7222222089767456,0.7837837934494019,0.7272727489471436
141,141,d6hH302o4v8$_$6,-2.0,-0.1445632,-0.1445632,-2.0,-0.1445632,-2.0,-0.0,-2.0,-0.0,-2.0,111,mosi,text,1.0,0.0,0.0,text,0.8571428656578064,0.699999988079071,0.625
142,142,d6hH302o4v8$_$9,-2.4,-0.53301173,-0.53301173,-2.4,-0.53301173,-2.0,-1.0,-2.0,-1.0,-2.0,111,mosi,text,1.0,0.0,0.0,text,0.875,0.8125,0.8421052694320679
143,143,d6hH302o4v8$_$8,-2.2,-0.84709,-0.84709,-2.2,-0.84709,-2.0,-1.0,-2.0,-1.0,-2.0,111,mosi,text,1.0,0.0,0.0,text,1.0,0.7777777910232544,0.7272727489471436
144,144,d6hH302o4v8$_$39,-3.0,-0.8762133,-0.8762133,-3.0,-0.8762133,-2.0,-1.0,-3.0,-1.0,-2.0,111,mosi,text,1.0,0.0,0.0,text,1.0,0.7857142686843872,0.8529411554336548
145,145,d6hH302o4v8$_$38,-3.0,-0.13011476,-0.13011476,-3.0,-0.13011476,-2.0,-0.0,-3.0,-0.0,-2.0,111,mosi,text,1.0,0.0,0.0,text,1.0,0.875,0.7931034564971924
146,146,d6hH302o4v8$_$11,-1.0,0.8101291,0.8101291,-1.0,0.8101291,-1.0,1.0,-1.0,1.0,-1.0,111,mosi,text,1.0,0.0,0.0,text,0.6000000238418579,0.8857142925262451,0.7317073345184326
147,147,d6hH302o4v8$_$10,-1.2,-0.74015135,-0.74015135,-1.2,-0.74015135,-1.2,-1.0,-1.0,-1.0,-1.0,111,mosi,text,1.0,0.0,0.0,text,0.9090909361839294,0.8421052694320679,0.6818181872367859
148,148,d6hH302o4v8$_$13,-2.0,-0.9969491,-0.9969491,-2.0,-0.9969491,-2.0,-1.0,-2.0,-1.0,-2.0,111,mosi,text,1.0,0.0,0.0,text,0.9166666865348816,0.7631579041481018,0.7575757503509521
149,149,d6hH302o4v8$_$12,1.4,1.6127954,1.6127954,1.4,1.6127954,1.4,2.0,1.0,2.0,1.0,111,mosi,text,1.0,0.0,0.0,text,0.8888888955116272,0.761904776096344,0.9200000166893005
150,150,d6hH302o4v8$_$15,-1.75,-0.74449533,-0.74449533,-1.75,-0.74449533,-1.75,-1.0,-2.0,-1.0,-2.0,111,mosi,text,1.0,0.0,0.0,text,1.0,0.8571428656578064,0.6875
151,151,d6hH302o4v8$_$14,-1.8,-1.2171619,-1.2171619,-1.8,-1.2171619,-1.8,-1.0,-2.0,-1.0,-2.0,111,mosi,text,1.0,0.0,0.0,text,0.9285714030265808,0.8275862336158752,0.8285714387893677
152,152,d6hH302o4v8$_$17,-2.0,-1.5064855,-1.5064855,-2.0,-1.5064855,-2.0,-2.0,-2.0,-2.0,-2.0,111,mosi,text,1.0,0.0,0.0,text,1.0,0.800000011920929,0.6666666865348816
153,153,d6hH302o4v8$_$16,-2.0,0.7005796,0.7005796,-2.0,0.7005796,-2.0,1.0,-2.0,1.0,-2.0,111,mosi,text,1.0,0.0,0.0,text,0.6666666865348816,0.75,0.7142857313156128
154,154,d6hH302o4v8$_$19,-2.8,-0.7283506,-0.7283506,-2.8,-0.7283506,-2.0,-1.0,-3.0,-1.0,-2.0,111,mosi,text,1.0,0.0,0.0,text,0.75,0.8666666746139526,0.837837815284729
155,155,d6hH302o4v8$_$18,-2.0,-1.1512983,-1.1512983,-2.0,-1.1512983,-2.0,-1.0,-2.0,-1.0,-2.0,111,mosi,text,1.0,0.0,0.0,text,0.9090909361839294,0.7586206793785095,0.7714285850524902
156,156,d6hH302o4v8$_$31,-1.4,-0.9423359,-0.9423359,-1.4,-0.9423359,-1.4,-1.0,-1.0,-1.0,-1.0,111,mosi,text,1.0,0.0,0.0,text,0.8235294222831726,0.8863636255264282,0.8113207817077637
157,157,d6hH302o4v8$_$30,-2.8,-1.0372337,-1.0372337,-2.8,-1.0372337,-2.0,-1.0,-3.0,-1.0,-2.0,111,mosi,text,1.0,0.0,0.0,text,0.6666666865348816,0.7647058963775635,0.800000011920929
158,158,d6hH302o4v8$_$37,-2.2,-1.1150306,-1.1150306,-2.2,-1.1150306,-2.0,-1.0,-2.0,-1.0,-2.0,111,mosi,text,1.0,0.0,0.0,text,1.0,0.625,0.7777777910232544
159,159,d6hH302o4v8$_$36,-2.2,-0.91923064,-0.91923064,-2.2,-0.91923064,-2.0,-1.0,-2.0,-1.0,-2.0,111,mosi,text,1.0,0.0,0.0,text,0.9375,0.7352941036224365,0.7317073345184326
160,160,d6hH302o4v8$_$35,-1.6,-0.85297513,-0.85297513,-1.6,-0.85297513,-1.6,-1.0,-2.0,-1.0,-2.0,111,mosi,text,1.0,0.0,0.0,text,0.8333333134651184,0.8205128312110901,0.8297872543334961
161,161,d6hH302o4v8$_$34,-3.0,1.2955227,1.2955227,-3.0,1.2955227,-2.0,1.0,-3.0,1.0,-2.0,111,mosi,text,1.0,0.0,0.0,text,0.800000011920929,0.7777777910232544,1.0
162,162,d6hH302o4v8$_$33,-3.0,-1.026874,-1.026874,-3.0,-1.026874,-2.0,-1.0,-3.0,-1.0,-2.0,111,mosi,text,1.0,0.0,0.0,text,1.0,0.8571428656578064,0.75
163,163,d6hH302o4v8$_$32,-0.6,-0.12491005,-0.12491005,-0.6,-0.12491005,-0.6,-0.0,-1.0,-0.0,-1.0,111,mosi,text,1.0,0.0,0.0,text,1.0,0.7083333134651184,0.8275862336158752
164,164,dq3Nf_lMPnE$_$11,-0.6,0.17860323,0.17860323,-0.6,0.17860323,-0.6,0.0,-1.0,0.0,-1.0,111,mosi,text,1.0,0.0,0.0,text,0.7272727489471436,0.841269850730896,0.7631579041481018
165,165,dq3Nf_lMPnE$_$10,1.0,1.8970903,1.8970903,1.0,1.8970903,1.0,2.0,1.0,2.0,1.0,111,mosi,text,1.0,0.0,0.0,text,0.699999988079071,0.84375,0.6842105388641357
166,166,dq3Nf_lMPnE$_$13,-1.2,1.4029522,1.4029522,-1.2,1.4029522,-1.2,1.0,-1.0,1.0,-1.0,111,mosi,text,1.0,0.0,0.0,text,0.6499999761581421,0.8258064389228821,0.7967914342880249
167,167,dq3Nf_lMPnE$_$12,-1.6,0.4418636,0.4418636,-1.6,0.4418636,-1.6,0.0,-2.0,0.0,-2.0,111,mosi,text,1.0,0.0,0.0,text,1.0,0.7692307829856873,0.8709677457809448
168,168,dq3Nf_lMPnE$_$15,1.0,1.8931901,1.8931901,1.0,1.8931901,1.0,2.0,1.0,2.0,1.0,111,mosi,text,1.0,0.0,0.0,text,0.7058823704719543,0.7288135886192322,0.75
169,169,dq3Nf_lMPnE$_$14,-1.8,1.271942,1.271942,-1.8,1.271942,-1.8,1.0,-2.0,1.0,-2.0,111,mosi,text,1.0,0.0,0.0,text,0.9333333373069763,0.7083333134651184,0.8965517282485962
170,170,dq3Nf_lMPnE$_$1,0.0,0.97912693,0.97912693,0.0,0.97912693,0.0,1.0,0.0,1.0,0.0,111,mosi,text,1.0,0.0,0.0,text,0.9130434989929199,0.7758620977401733,0.8372092843055725
171,171,dq3Nf_lMPnE$_$3,-1.2,0.6699054,0.6699054,-1.2,0.6699054,-1.2,1.0,-1.0,1.0,-1.0,111,mosi,text,1.0,0.0,0.0,text,0.8571428656578064,0.739130437374115,0.7777777910232544
172,172,dq3Nf_lMPnE$_$2,-1.4,-0.1306695,-0.1306695,-1.4,-0.1306695,-1.4,-0.0,-1.0,-0.0,-1.0,111,mosi,text,1.0,0.0,0.0,text,0.8461538553237915,0.90625,0.7631579041481018
173,173,dq3Nf_lMPnE$_$5,1.2,0.5289425,0.5289425,1.2,0.5289425,1.2,1.0,1.0,1.0,1.0,111,mosi,text,1.0,0.0,0.0,text,0.800000011920929,0.8333333134651184,0.807692289352417
174,174,dq3Nf_lMPnE$_$4,-0.4,0.65296626,0.65296626,-0.4,0.65296626,-0.4,1.0,-0.0,1.0,-0.0,111,mosi,text,1.0,0.0,0.0,text,0.8888888955116272,0.8214285969734192,0.843137264251709
175,175,dq3Nf_lMPnE$_$7,-2.0,-0.50891846,-0.50891846,-2.0,-0.50891846,-2.0,-1.0,-2.0,-1.0,-2.0,111,mosi,text,1.0,0.0,0.0,text,0.8571428656578064,0.8536585569381714,0.7551020383834839
176,176,dq3Nf_lMPnE$_$6,0.8,-0.9733095,-0.9733095,0.8,-0.9733095,0.8,-1.0,1.0,-1.0,1.0,111,mosi,text,1.0,0.0,0.0,text,0.7777777910232544,0.800000011920929,0.6666666865348816
177,177,dq3Nf_lMPnE$_$9,-0.8,0.6832016,0.6832016,-0.8,0.6832016,-0.8,1.0,-1.0,1.0,-1.0,111,mosi,text,1.0,0.0,0.0,text,0.875,0.717391312122345,0.6607142686843872
178,178,dq3Nf_lMPnE$_$8,0.6,2.4822745,2.4822745,0.6,2.0,0.6,2.0,1.0,2.0,1.0,111,mosi,text,1.0,0.0,0.0,text,0.8500000238418579,0.8409090638160706,0.7307692170143127
179,179,etzxEpPuc6I$_$11,-1.6,-1.101621,-1.101621,-1.6,-1.101621,-1.6,-1.0,-2.0,-1.0,-2.0,111,mosi,text,1.0,0.0,0.0,text,0.9473684430122375,0.8235294222831726,0.8064516186714172
180,180,etzxEpPuc6I$_$10,-1.4,-0.05236858,-0.05236858,-1.4,-0.05236858,-1.4,-0.0,-1.0,-0.0,-1.0,111,mosi,text,1.0,0.0,0.0,text,0.6666666865348816,0.824999988079071,0.8936170339584351
181,181,etzxEpPuc6I$_$13,-2.2,-0.5533986,-0.5533986,-2.2,-0.5533986,-2.0,-1.0,-2.0,-1.0,-2.0,111,mosi,text,1.0,0.0,0.0,text,0.8333333134651184,0.7979797720909119,0.761904776096344
182,182,etzxEpPuc6I$_$12,0.6666667,-0.12832451,-0.12832451,0.6666667,-0.12832451,0.6666667,-0.0,1.0,-0.0,1.0,111,mosi,text,1.0,0.0,0.0,text,0.8888888955116272,0.875,0.6000000238418579
183,183,etzxEpPuc6I$_$15,0.2,-0.4728743,-0.4728743,0.2,-0.4728743,0.2,-0.0,0.0,-0.0,0.0,111,mosi,text,1.0,0.0,0.0,text,0.875,0.8571428656578064,0.8125
184,184,etzxEpPuc6I$_$14,-1.2,-0.88482106,-0.88482106,-1.2,-0.88482106,-1.2,-1.0,-1.0,-1.0,-1.0,111,mosi,text,1.0,0.0,0.0,text,0.8799999952316284,0.7599999904632568,0.855555534362793
185,185,etzxEpPuc6I$_$17,-0.4,-0.5458884,-0.5458884,-0.4,-0.5458884,-0.4,-1.0,-0.0,-1.0,-0.0,111,mosi,text,1.0,0.0,0.0,text,0.8125,0.8125,0.7719298005104065
186,186,etzxEpPuc6I$_$16,-2.4,-0.79529333,-0.79529333,-2.4,-0.79529333,-2.0,-1.0,-2.0,-1.0,-2.0,111,mosi,text,1.0,0.0,0.0,text,0.9166666865348816,0.7222222089767456,0.8604651093482971
187,187,etzxEpPuc6I$_$19,-0.5,-0.9806235,-0.9806235,-0.5,-0.9806235,-0.5,-1.0,-0.0,-1.0,-0.0,111,mosi,text,1.0,0.0,0.0,text,0.7599999904632568,0.7602339386940002,0.843137264251709
188,188,etzxEpPuc6I$_$18,1.4,0.9936625,0.9936625,1.4,0.9936625,1.4,1.0,1.0,1.0,1.0,111,mosi,text,1.0,0.0,0.0,text,0.699999988079071,0.8979591727256775,0.6896551847457886
189,189,etzxEpPuc6I$_$1,0.4,-0.4966357,-0.4966357,0.4,-0.4966357,0.4,-0.0,0.0,-0.0,0.0,111,mosi,text,1.0,0.0,0.0,text,0.8888888955116272,0.8219178318977356,0.7701149582862854
190,190,etzxEpPuc6I$_$3,-1.6,-1.0378882,-1.0378882,-1.6,-1.0378882,-1.6,-1.0,-2.0,-1.0,-2.0,111,mosi,text,1.0,0.0,0.0,text,1.0,0.8085106611251831,0.7142857313156128
191,191,etzxEpPuc6I$_$2,1.2,0.5428477,0.5428477,1.2,0.5428477,1.2,1.0,1.0,1.0,1.0,111,mosi,text,1.0,0.0,0.0,text,0.7894737124443054,0.9130434989929199,0.7454545497894287
192,192,etzxEpPuc6I$_$5,0.0,0.8728876,0.8728876,0.0,0.8728876,0.0,1.0,0.0,1.0,0.0,111,mosi,text,1.0,0.0,0.0,text,0.6086956262588501,0.7142857313156128,0.7368420958518982
193,193,etzxEpPuc6I$_$4,0.8,0.8289346,0.8289346,0.8,0.8289346,0.8,1.0,1.0,1.0,1.0,111,mosi,text,1.0,0.0,0.0,text,0.7272727489471436,0.698113203048706,0.7903226017951965
194,194,etzxEpPuc6I$_$7,-1.2,-0.6269298,-0.6269298,-1.2,-0.6269298,-1.2,-1.0,-1.0,-1.0,-1.0,111,mosi,text,1.0,0.0,0.0,text,0.7916666865348816,0.8194444179534912,0.8387096524238586
195,195,etzxEpPuc6I$_$6,0.4,-0.05592017,-0.05592017,0.4,-0.05592017,0.4,-0.0,0.0,-0.0,0.0,111,mosi,text,1.0,0.0,0.0,text,0.8333333134651184,0.7222222089767456,0.8139534592628479
196,196,etzxEpPuc6I$_$9,-2.8,-0.88079536,-0.88079536,-2.8,-0.88079536,-2.0,-1.0,-3.0,-1.0,-2.0,111,mosi,text,1.0,0.0,0.0,text,0.8571428656578064,0.7777777910232544,0.8266666531562805
197,197,etzxEpPuc6I$_$8,-1.0,-0.49665704,-0.49665704,-1.0,-0.49665704,-1.0,-0.0,-1.0,-0.0,-1.0,111,mosi,text,1.0,0.0,0.0,text,0.7666666507720947,0.7906976938247681,0.8846153616905212
198,198,f9O3YtZ2VfI$_$24,-2.6,-0.025678076,-0.025678076,-2.6,-0.025678076,-2.0,-0.0,-3.0,-0.0,-2.0,111,mosi,text,1.0,0.0,0.0,text,0.8600000143051147,0.7903226017951965,0.8091397881507874
199,199,f9O3YtZ2VfI$_$25,-1.4,-1.535411,-1.535411,-1.4,-1.535411,-1.4,-2.0,-1.0,-2.0,-1.0,111,mosi,text,1.0,0.0,0.0,text,0.800000011920929,0.8095238208770752,0.7599999904632568
200,200,f9O3YtZ2VfI$_$26,1.4,1.2091814,1.2091814,1.4,1.2091814,1.4,1.0,1.0,1.0,1.0,111,mosi,text,1.0,0.0,0.0,text,0.8571428656578064,0.8125,0.8421052694320679
201,201,f9O3YtZ2VfI$_$27,1.6,0.920495,0.920495,1.6,0.920495,1.6,1.0,2.0,1.0,2.0,111,mosi,text,1.0,0.0,0.0,text,0.8181818127632141,0.9166666865348816,0.6785714030265808
202,202,f9O3YtZ2VfI$_$20,-0.4,0.11629986,0.11629986,-0.4,0.11629986,-0.4,0.0,-0.0,0.0,-0.0,111,mosi,text,1.0,0.0,0.0,text,0.75,0.6969696879386902,0.7692307829856873
203,203,f9O3YtZ2VfI$_$21,2.0,1.1528728,1.1528728,2.0,1.1528728,2.0,1.0,2.0,1.0,2.0,111,mosi,text,1.0,0.0,0.0,text,0.8500000238418579,0.7894737124443054,0.7777777910232544
204,204,f9O3YtZ2VfI$_$22,1.4,1.3972957,1.3972957,1.4,1.3972957,1.4,1.0,1.0,1.0,1.0,111,mosi,text,1.0,0.0,0.0,text,0.9090909361839294,0.7586206793785095,0.7941176295280457
205,205,f9O3YtZ2VfI$_$23,1.6,0.9206466,0.9206466,1.6,0.9206466,1.6,1.0,2.0,1.0,2.0,111,mosi,text,1.0,0.0,0.0,text,0.8333333134651184,0.6666666865348816,0.84375
206,206,f9O3YtZ2VfI$_$28,1.2,2.1146433,2.1146433,1.2,2.0,1.2,2.0,1.0,2.0,1.0,111,mosi,text,1.0,0.0,0.0,text,0.625,0.8064516186714172,0.75
207,207,f9O3YtZ2VfI$_$29,-2.0,0.99028546,0.99028546,-2.0,0.99028546,-2.0,1.0,-2.0,1.0,-2.0,111,mosi,text,1.0,0.0,0.0,text,0.75,0.6515151262283325,0.8101266026496887
208,208,f9O3YtZ2VfI$_$1,-1.2,-0.962802,-0.962802,-1.2,-0.962802,-1.2,-1.0,-1.0,-1.0,-1.0,111,mosi,text,1.0,0.0,0.0,text,0.7777777910232544,0.7857142686843872,0.7647058963775635
209,209,f9O3YtZ2VfI$_$3,0.6,0.76595926,0.76595926,0.6,0.76595926,0.6,1.0,1.0,1.0,1.0,111,mosi,text,1.0,0.0,0.0,text,1.0,0.837837815284729,0.8636363744735718
210,210,f9O3YtZ2VfI$_$2,1.25,1.7788792,1.7788792,1.25,1.7788792,1.25,2.0,1.0,2.0,1.0,111,mosi,text,1.0,0.0,0.0,text,0.7142857313156128,0.8846153616905212,0.774193525314331
211,211,f9O3YtZ2VfI$_$5,-1.8,-0.91163635,-0.91163635,-1.8,-0.91163635,-1.8,-1.0,-2.0,-1.0,-2.0,111,mosi,text,1.0,0.0,0.0,text,0.761904776096344,0.8045976758003235,0.761904776096344
212,212,f9O3YtZ2VfI$_$4,-2.4,-0.8759005,-0.8759005,-2.4,-0.8759005,-2.0,-1.0,-2.0,-1.0,-2.0,111,mosi,text,1.0,0.0,0.0,text,0.7272727489471436,0.7250000238418579,0.695652186870575
213,213,f9O3YtZ2VfI$_$7,-1.2,-0.20669419,-0.20669419,-1.2,-0.20669419,-1.2,-0.0,-1.0,-0.0,-1.0,111,mosi,text,1.0,0.0,0.0,text,0.9090909361839294,0.8999999761581421,0.8333333134651184
214,214,f9O3YtZ2VfI$_$6,-2.6,-0.70798385,-0.70798385,-2.6,-0.70798385,-2.0,-1.0,-3.0,-1.0,-2.0,111,mosi,text,1.0,0.0,0.0,text,1.0,0.5789473652839661,0.8181818127632141
215,215,f9O3YtZ2VfI$_$9,-2.2,-0.71130943,-0.71130943,-2.2,-0.71130943,-2.0,-1.0,-2.0,-1.0,-2.0,111,mosi,text,1.0,0.0,0.0,text,0.692307710647583,0.5,0.8048780560493469
216,216,f9O3YtZ2VfI$_$8,-1.8,-0.2660418,-0.2660418,-1.8,-0.2660418,-1.8,-0.0,-2.0,-0.0,-2.0,111,mosi,text,1.0,0.0,0.0,text,0.9090909361839294,0.7878788113594055,0.8999999761581421
217,217,f9O3YtZ2VfI$_$11,-0.8,-0.4456874,-0.4456874,-0.8,-0.4456874,-0.8,-0.0,-1.0,-0.0,-1.0,111,mosi,text,1.0,0.0,0.0,text,0.6666666865348816,0.8823529481887817,0.8571428656578064
218,218,f9O3YtZ2VfI$_$10,-2.0,-0.10131786,-0.10131786,-2.0,-0.10131786,-2.0,-0.0,-2.0,-0.0,-2.0,111,mosi,text,1.0,0.0,0.0,text,0.75,0.7692307829856873,0.6666666865348816
219,219,f9O3YtZ2VfI$_$13,-1.6,0.73485667,0.73485667,-1.6,0.73485667,-1.6,1.0,-2.0,1.0,-2.0,111,mosi,text,1.0,0.0,0.0,text,0.7692307829856873,0.7222222089767456,0.7647058963775635
220,220,f9O3YtZ2VfI$_$12,-1.8,-0.28161952,-0.28161952,-1.8,-0.28161952,-1.8,-0.0,-2.0,-0.0,-2.0,111,mosi,text,1.0,0.0,0.0,text,0.9166666865348816,0.7142857313156128,0.7599999904632568
221,221,f9O3YtZ2VfI$_$15,-1.2,-0.07876047,-0.07876047,-1.2,-0.07876047,-1.2,-0.0,-1.0,-0.0,-1.0,111,mosi,text,1.0,0.0,0.0,text,0.800000011920929,0.7142857313156128,0.800000011920929
222,222,f9O3YtZ2VfI$_$14,1.2,0.3792207,0.3792207,1.2,0.3792207,1.2,0.0,1.0,0.0,1.0,111,mosi,text,1.0,0.0,0.0,text,0.8888888955116272,0.6666666865348816,0.8888888955116272
223,223,f9O3YtZ2VfI$_$17,-2.0,-0.404729,-0.404729,-2.0,-0.404729,-2.0,-0.0,-2.0,-0.0,-2.0,111,mosi,text,1.0,0.0,0.0,text,0.9411764740943909,0.7808219194412231,0.719298243522644
224,224,f9O3YtZ2VfI$_$16,-1.0,1.3371433,1.3371433,-1.0,1.3371433,-1.0,1.0,-1.0,1.0,-1.0,111,mosi,text,1.0,0.0,0.0,text,0.8333333134651184,0.8518518805503845,0.7843137383460999
225,225,f9O3YtZ2VfI$_$19,-0.6,-1.1612364,-1.1612364,-0.6,-1.1612364,-0.6,-1.0,-1.0,-1.0,-1.0,111,mosi,text,1.0,0.0,0.0,text,0.875,0.6363636255264282,0.800000011920929
226,226,f9O3YtZ2VfI$_$18,-1.0,-0.758529,-0.758529,-1.0,-0.758529,-1.0,-1.0,-1.0,-1.0,-1.0,111,mosi,text,1.0,0.0,0.0,text,0.9375,0.824999988079071,0.7916666865348816
227,227,f9O3YtZ2VfI$_$30,-1.0,-0.9849081,-0.9849081,-1.0,-0.9849081,-1.0,-1.0,-1.0,-1.0,-1.0,111,mosi,text,1.0,0.0,0.0,text,0.7142857313156128,0.8600000143051147,0.7833333611488342
228,228,f_pcplsH_V0$_$11,-0.4,-1.2561383,-1.2561383,-0.4,-1.2561383,-0.4,-1.0,-0.0,-1.0,-0.0,111,mosi,text,1.0,0.0,0.0,text,0.7857142686843872,0.8500000238418579,0.7446808218955994
229,229,f_pcplsH_V0$_$10,1.2,1.0293492,1.0293492,1.2,1.0293492,1.2,1.0,1.0,1.0,1.0,111,mosi,text,1.0,0.0,0.0,text,0.9090909361839294,0.7636363506317139,0.7424242496490479
230,230,f_pcplsH_V0$_$13,1.6,1.1675707,1.1675707,1.6,1.1675707,1.6,1.0,2.0,1.0,2.0,111,mosi,text,1.0,0.0,0.0,text,0.9090909361839294,0.7777777910232544,0.7727272510528564
231,231,f_pcplsH_V0$_$12,-0.8,0.15295324,0.15295324,-0.8,0.15295324,-0.8,0.0,-1.0,0.0,-1.0,111,mosi,text,1.0,0.0,0.0,text,0.7400000095367432,0.7841945290565491,0.7670885920524597
232,232,f_pcplsH_V0$_$15,-1.0,-1.1162764,-1.1162764,-1.0,-1.1162764,-1.0,-1.0,-1.0,-1.0,-1.0,111,mosi,text,1.0,0.0,0.0,text,1.0,0.8278688788414001,0.9428571462631226
233,233,f_pcplsH_V0$_$14,-1.0,-0.6459591,-0.6459591,-1.0,-0.6459591,-1.0,-1.0,-1.0,-1.0,-1.0,111,mosi,text,1.0,0.0,0.0,text,0.800000011920929,0.7956989407539368,0.7946428656578064
234,234,f_pcplsH_V0$_$1,0.25,0.2538005,0.2538005,0.25,0.2538005,0.25,0.0,0.0,0.0,0.0,111,mosi,text,1.0,0.0,0.0,text,0.875,0.8125,0.7631579041481018
235,235,f_pcplsH_V0$_$3,0.8,-0.4993734,-0.4993734,0.8,-0.4993734,0.8,-0.0,1.0,-0.0,1.0,111,mosi,text,1.0,0.0,0.0,text,1.0,0.8253968358039856,0.7236841917037964
236,236,f_pcplsH_V0$_$2,1.4,0.1269071,0.1269071,1.4,0.1269071,1.4,0.0,1.0,0.0,1.0,111,mosi,text,1.0,0.0,0.0,text,0.7857142686843872,0.7586206793785095,0.8571428656578064
237,237,f_pcplsH_V0$_$5,1.2,1.3958786,1.3958786,1.2,1.3958786,1.2,1.0,1.0,1.0,1.0,111,mosi,text,1.0,0.0,0.0,text,0.8421052694320679,0.8172042965888977,0.8482142686843872
238,238,f_pcplsH_V0$_$4,0.5,-0.45982966,-0.45982966,0.5,-0.45982966,0.5,-0.0,0.0,-0.0,0.0,111,mosi,text,1.0,0.0,0.0,text,0.75,0.800000011920929,0.8111110925674438
239,239,f_pcplsH_V0$_$7,0.0,-0.4660614,-0.4660614,0.0,-0.4660614,0.0,-0.0,0.0,-0.0,0.0,111,mosi,text,1.0,0.0,0.0,text,0.8181818127632141,0.875,0.8275862336158752
240,240,f_pcplsH_V0$_$6,1.6,-0.12865162,-0.12865162,1.6,-0.12865162,1.6,-0.0,2.0,-0.0,2.0,111,mosi,text,1.0,0.0,0.0,text,0.8888888955116272,0.6666666865348816,0.5555555820465088
241,241,f_pcplsH_V0$_$9,-2.4,-0.72988045,-0.72988045,-2.4,-0.72988045,-2.0,-1.0,-2.0,-1.0,-2.0,111,mosi,text,1.0,0.0,0.0,text,0.8333333134651184,1.0,0.8095238208770752
242,242,f_pcplsH_V0$_$8,0.8,0.5988023,0.5988023,0.8,0.5988023,0.8,1.0,1.0,1.0,1.0,111,mosi,text,1.0,0.0,0.0,text,1.0,0.6538461446762085,0.774193525314331
243,243,fvVhgmXxadc$_$11,-0.2,-0.3134604,-0.3134604,-0.2,-0.3134604,-0.2,-0.0,-0.0,-0.0,-0.0,111,mosi,text,1.0,0.0,0.0,text,0.9200000166893005,0.7846153974533081,0.7857142686843872
244,244,fvVhgmXxadc$_$10,0.0,-0.44060072,-0.44060072,0.0,-0.44060072,0.0,-0.0,0.0,-0.0,0.0,111,mosi,text,1.0,0.0,0.0,text,0.75,0.7708333134651184,0.8474576473236084
245,245,fvVhgmXxadc$_$13,0.2,-0.15216035,-0.15216035,0.2,-0.15216035,0.2,-0.0,0.0,-0.0,0.0,111,mosi,text,1.0,0.0,0.0,text,0.8500000238418579,0.8333333134651184,0.8461538553237915
246,246,fvVhgmXxadc$_$12,0.0,0.20220399,0.20220399,0.0,0.20220399,0.0,0.0,0.0,0.0,0.0,111,mosi,text,1.0,0.0,0.0,text,0.761904776096344,0.8636363744735718,0.8301886916160583
247,247,fvVhgmXxadc$_$14,0.0,0.6448489,0.6448489,0.0,0.6448489,0.0,1.0,0.0,1.0,0.0,111,mosi,text,1.0,0.0,0.0,text,0.8947368264198303,0.7735849022865295,0.7142857313156128
248,248,fvVhgmXxadc$_$1,-0.4,1.4525607,1.4525607,-0.4,1.4525607,-0.4,1.0,-0.0,1.0,-0.0,111,mosi,text,1.0,0.0,0.0,text,0.8999999761581421,0.7692307829856873,0.7954545617103577
249,249,fvVhgmXxadc$_$3,-2.2,-0.95816064,-0.95816064,-2.2,-0.95816064,-2.0,-1.0,-2.0,-1.0,-2.0,111,mosi,text,1.0,0.0,0.0,text,0.800000011920929,0.7272727489471436,0.7692307829856873
250,250,fvVhgmXxadc$_$2,-2.8,-0.28699854,-0.28699854,-2.8,-0.28699854,-2.0,-0.0,-3.0,-0.0,-2.0,111,mosi,text,1.0,0.0,0.0,text,0.7058823704719543,0.6976743936538696,0.75
251,251,fvVhgmXxadc$_$5,0.0,-0.16156197,-0.16156197,0.0,-0.16156197,0.0,-0.0,0.0,-0.0,0.0,111,mosi,text,1.0,0.0,0.0,text,0.8461538553237915,0.8421052694320679,0.8478260636329651
252,252,fvVhgmXxadc$_$4,-2.8,-0.7026974,-0.7026974,-2.8,-0.7026974,-2.0,-1.0,-3.0,-1.0,-2.0,111,mosi,text,1.0,0.0,0.0,text,0.7272727489471436,0.9375,0.6842105388641357
253,253,fvVhgmXxadc$_$7,-1.0,-1.0988567,-1.0988567,-1.0,-1.0988567,-1.0,-1.0,-1.0,-1.0,-1.0,111,mosi,text,1.0,0.0,0.0,text,0.807692289352417,0.7571428418159485,0.8947368264198303
254,254,fvVhgmXxadc$_$6,-0.2,-0.90969694,-0.90969694,-0.2,-0.90969694,-0.2,-1.0,-0.0,-1.0,-0.0,111,mosi,text,1.0,0.0,0.0,text,0.8799999952316284,0.7333333492279053,0.8472222089767456
255,255,fvVhgmXxadc$_$9,-0.4,-0.11478383,-0.11478383,-0.4,-0.11478383,-0.4,-0.0,-0.0,-0.0,-0.0,111,mosi,text,1.0,0.0,0.0,text,1.0,0.939393937587738,0.800000011920929
256,256,fvVhgmXxadc$_$8,-0.5,-0.98280036,-0.98280036,-0.5,-0.98280036,-0.5,-1.0,-0.0,-1.0,-0.0,111,mosi,text,1.0,0.0,0.0,text,0.8571428656578064,0.800000011920929,0.8333333134651184
257,257,iiK8YX8oH1E$_$11,1.0,-0.11819964,-0.11819964,1.0,-0.11819964,1.0,-0.0,1.0,-0.0,1.0,111,mosi,text,1.0,0.0,0.0,text,0.8461538553237915,0.7341772317886353,0.8297872543334961
258,258,iiK8YX8oH1E$_$10,0.0,-0.38074824,-0.38074824,0.0,-0.38074824,0.0,-0.0,0.0,-0.0,0.0,111,mosi,text,1.0,0.0,0.0,text,1.0,0.800000011920929,0.739130437374115
259,259,iiK8YX8oH1E$_$13,-2.0,-0.6223078,-0.6223078,-2.0,-0.6223078,-2.0,-1.0,-2.0,-1.0,-2.0,111,mosi,text,1.0,0.0,0.0,text,0.6363636255264282,0.800000011920929,0.8888888955116272
260,260,iiK8YX8oH1E$_$12,1.8,2.2837474,2.2837474,1.8,2.0,1.8,2.0,2.0,2.0,2.0,111,mosi,text,1.0,0.0,0.0,text,1.0,0.8666666746139526,0.9473684430122375
261,261,iiK8YX8oH1E$_$15,0.6,-0.3808338,-0.3808338,0.6,-0.3808338,0.6,-0.0,1.0,-0.0,1.0,111,mosi,text,1.0,0.0,0.0,text,0.8125,0.75,0.4444444477558136
262,262,iiK8YX8oH1E$_$14,-1.2,-0.43419963,-0.43419963,-1.2,-0.43419963,-1.2,-0.0,-1.0,-0.0,-1.0,111,mosi,text,1.0,0.0,0.0,text,0.9285714030265808,0.8421052694320679,0.8695651888847351
263,263,iiK8YX8oH1E$_$17,1.6,1.6260651,1.6260651,1.6,1.6260651,1.6,2.0,2.0,2.0,2.0,111,mosi,text,1.0,0.0,0.0,text,0.8666666746139526,0.7200000286102295,0.931034505367279
264,264,iiK8YX8oH1E$_$16,0.0,-0.5312392,-0.5312392,0.0,-0.5312392,0.0,-1.0,0.0,-1.0,0.0,111,mosi,text,1.0,0.0,0.0,text,0.875,0.9285714030265808,0.875
265,265,iiK8YX8oH1E$_$18,-1.0,0.07756562,0.07756562,-1.0,0.07756562,-1.0,0.0,-1.0,0.0,-1.0,111,mosi,text,1.0,0.0,0.0,text,0.7272727489471436,0.7777777910232544,0.875
266,266,iiK8YX8oH1E$_$1,-2.6,0.044524238,0.044524238,-2.6,0.044524238,-2.0,0.0,-3.0,0.0,-2.0,111,mosi,text,1.0,0.0,0.0,text,0.8333333134651184,0.8205128312110901,0.6739130616188049
267,267,iiK8YX8oH1E$_$3,-1.25,-0.08309723,-0.08309723,-1.25,-0.08309723,-1.25,-0.0,-1.0,-0.0,-1.0,111,mosi,text,1.0,0.0,0.0,text,0.7857142686843872,0.7037037014961243,0.71875
268,268,iiK8YX8oH1E$_$2,1.2,-0.3102445,-0.3102445,1.2,-0.3102445,1.2,-0.0,1.0,-0.0,1.0,111,mosi,text,1.0,0.0,0.0,text,0.7142857313156128,0.8666666746139526,0.7105262875556946
269,269,iiK8YX8oH1E$_$5,-0.4,-1.0088458,-1.0088458,-0.4,-1.0088458,-0.4,-1.0,-0.0,-1.0,-0.0,111,mosi,text,1.0,0.0,0.0,text,0.8571428656578064,0.7438016533851624,0.824999988079071
270,270,iiK8YX8oH1E$_$4,-2.0,-0.6750798,-0.6750798,-2.0,-0.6750798,-2.0,-1.0,-2.0,-1.0,-2.0,111,mosi,text,1.0,0.0,0.0,text,0.8823529481887817,0.8181818127632141,0.8679245114326477
271,271,iiK8YX8oH1E$_$7,-1.6,-0.88155335,-0.88155335,-1.6,-0.88155335,-1.6,-1.0,-2.0,-1.0,-2.0,111,mosi,text,1.0,0.0,0.0,text,0.9090909361839294,0.75,0.8085106611251831
272,272,iiK8YX8oH1E$_$6,0.2,1.6588252,1.6588252,0.2,1.6588252,0.2,2.0,0.0,2.0,0.0,111,mosi,text,1.0,0.0,0.0,text,1.0,0.800000011920929,0.6666666865348816
273,273,iiK8YX8oH1E$_$9,0.4,0.5190763,0.5190763,0.4,0.5190763,0.4,1.0,0.0,1.0,0.0,111,mosi,text,1.0,0.0,0.0,text,0.7857142686843872,0.7586206793785095,0.7941176295280457
274,274,iiK8YX8oH1E$_$8,-1.0,0.76537865,0.76537865,-1.0,0.76537865,-1.0,1.0,-1.0,1.0,-1.0,111,mosi,text,1.0,0.0,0.0,text,0.8333333134651184,0.78125,0.7894737124443054
275,275,jUzDDGyPkXU$_$24,-1.0,-0.800702,-0.800702,-1.0,-0.800702,-1.0,-1.0,-1.0,-1.0,-1.0,111,mosi,text,1.0,0.0,0.0,text,0.9259259104728699,0.8541666865348816,0.7142857313156128
276,276,jUzDDGyPkXU$_$25,-2.0,-0.777674,-0.777674,-2.0,-0.777674,-2.0,-1.0,-2.0,-1.0,-2.0,111,mosi,text,1.0,0.0,0.0,text,0.7058823704719543,0.9285714030265808,0.8846153616905212
277,277,jUzDDGyPkXU$_$26,-2.0,-0.50891715,-0.50891715,-2.0,-0.50891715,-2.0,-1.0,-2.0,-1.0,-2.0,111,mosi,text,1.0,0.0,0.0,text,0.8799999952316284,0.7555555701255798,0.7454545497894287
278,278,jUzDDGyPkXU$_$27,-2.0,-1.1105394,-1.1105394,-2.0,-1.1105394,-2.0,-1.0,-2.0,-1.0,-2.0,111,mosi,text,1.0,0.0,0.0,text,0.8333333134651184,0.761904776096344,0.7400000095367432
279,279,jUzDDGyPkXU$_$20,-2.2,-1.6668804,-1.6668804,-2.2,-1.6668804,-2.0,-2.0,-2.0,-2.0,-2.0,111,mosi,text,1.0,0.0,0.0,text,0.8999999761581421,0.7027027010917664,0.7777777910232544
280,280,jUzDDGyPkXU$_$21,-1.0,0.60173815,0.60173815,-1.0,0.60173815,-1.0,1.0,-1.0,1.0,-1.0,111,mosi,text,1.0,0.0,0.0,text,0.875,0.6285714507102966,0.7857142686843872
281,281,jUzDDGyPkXU$_$22,-2.4,-1.1315926,-1.1315926,-2.4,-1.1315926,-2.0,-1.0,-2.0,-1.0,-2.0,111,mosi,text,1.0,0.0,0.0,text,0.8888888955116272,0.6800000071525574,0.7966101765632629
282,282,jUzDDGyPkXU$_$23,1.2,0.9091621,0.9091621,1.2,0.9091621,1.2,1.0,1.0,1.0,1.0,111,mosi,text,1.0,0.0,0.0,text,0.8571428656578064,0.8421052694320679,0.739130437374115
283,283,jUzDDGyPkXU$_$1,2.8,2.453232,2.453232,2.8,2.0,2.0,2.0,3.0,2.0,2.0,111,mosi,text,1.0,0.0,0.0,text,1.0,0.7333333492279053,0.8235294222831726
284,284,jUzDDGyPkXU$_$3,0.0,1.2284094,1.2284094,0.0,1.2284094,0.0,1.0,0.0,1.0,0.0,111,mosi,text,1.0,0.0,0.0,text,0.6666666865348816,0.5555555820465088,0.75
285,285,jUzDDGyPkXU$_$2,2.6,2.1510725,2.1510725,2.6,2.0,2.0,2.0,3.0,2.0,2.0,111,mosi,text,1.0,0.0,0.0,text,1.0,0.800000011920929,0.6451612710952759
286,286,jUzDDGyPkXU$_$5,-1.2,-0.6789797,-0.6789797,-1.2,-0.6789797,-1.2,-1.0,-1.0,-1.0,-1.0,111,mosi,text,1.0,0.0,0.0,text,0.875,0.8372092843055725,0.8461538553237915
287,287,jUzDDGyPkXU$_$4,-1.6,0.3419434,0.3419434,-1.6,0.3419434,-1.6,0.0,-2.0,0.0,-2.0,111,mosi,text,1.0,0.0,0.0,text,0.8421052694320679,0.8202247023582458,0.84375
288,288,jUzDDGyPkXU$_$7,-0.6,-0.6639251,-0.6639251,-0.6,-0.6639251,-0.6,-1.0,-1.0,-1.0,-1.0,111,mosi,text,1.0,0.0,0.0,text,0.6842105388641357,0.8867924809455872,0.75
289,289,jUzDDGyPkXU$_$6,-1.6,-0.47732714,-0.47732714,-1.6,-0.47732714,-1.6,-0.0,-2.0,-0.0,-2.0,111,mosi,text,1.0,0.0,0.0,text,0.9032257795333862,0.8041236996650696,0.6190476417541504
290,290,jUzDDGyPkXU$_$9,2.8,2.3929436,2.3929436,2.8,2.0,2.0,2.0,3.0,2.0,2.0,111,mosi,text,1.0,0.0,0.0,text,1.0,0.8260869383811951,0.8928571343421936
291,291,jUzDDGyPkXU$_$8,1.8,1.872496,1.872496,1.8,1.872496,1.8,2.0,2.0,2.0,2.0,111,mosi,text,1.0,0.0,0.0,text,0.9090909361839294,0.875,0.7931034564971924
292,292,jUzDDGyPkXU$_$11,2.4,1.7757347,1.7757347,2.4,1.7757347,2.0,2.0,2.0,2.0,2.0,111,mosi,text,1.0,0.0,0.0,text,0.739130437374115,0.875,0.7820512652397156
293,293,jUzDDGyPkXU$_$10,2.4,1.9636352,1.9636352,2.4,1.9636352,2.0,2.0,2.0,2.0,2.0,111,mosi,text,1.0,0.0,0.0,text,0.8095238208770752,0.7457627058029175,0.7358490824699402
294,294,jUzDDGyPkXU$_$13,-0.6,-0.20406926,-0.20406926,-0.6,-0.20406926,-0.6,-0.0,-1.0,-0.0,-1.0,111,mosi,text,1.0,0.0,0.0,text,0.6666666865348816,0.843137264251709,0.8196721076965332
295,295,jUzDDGyPkXU$_$12,0.5,-0.07910916,-0.07910916,0.5,-0.07910916,0.5,-0.0,0.0,-0.0,0.0,111,mosi,text,1.0,0.0,0.0,text,0.800000011920929,0.9200000166893005,0.8666666746139526
296,296,jUzDDGyPkXU$_$15,1.3333334,0.98413175,0.98413175,1.3333334,0.98413175,1.3333334,1.0,1.0,1.0,1.0,111,mosi,text,1.0,0.0,0.0,text,0.7647058963775635,0.7954545617103577,0.7735849022865295
297,297,jUzDDGyPkXU$_$14,0.8,1.5897125,1.5897125,0.8,1.5897125,0.8,2.0,1.0,2.0,1.0,111,mosi,text,1.0,0.0,0.0,text,0.6153846383094788,0.75,0.800000011920929
298,298,jUzDDGyPkXU$_$17,-2.8,-0.9031192,-0.9031192,-2.8,-0.9031192,-2.0,-1.0,-3.0,-1.0,-2.0,111,mosi,text,1.0,0.0,0.0,text,0.7142857313156128,0.9047619104385376,0.7307692170143127
299,299,jUzDDGyPkXU$_$16,1.2,1.0972257,1.0972257,1.2,1.0972257,1.2,1.0,1.0,1.0,1.0,111,mosi,text,1.0,0.0,0.0,text,0.8125,0.8219178318977356,0.7701149582862854
300,300,jUzDDGyPkXU$_$19,2.2,0.30367228,0.30367228,2.2,0.30367228,2.0,0.0,2.0,0.0,2.0,111,mosi,text,1.0,0.0,0.0,text,1.0,0.9428571462631226,0.7560975551605225
301,301,jUzDDGyPkXU$_$18,-2.4,-0.9734056,-0.9734056,-2.4,-0.9734056,-2.0,-1.0,-2.0,-1.0,-2.0,111,mosi,text,1.0,0.0,0.0,text,1.0,0.7083333134651184,1.0
302,302,k5Y_838nuGo$_$24,0.6,0.16663542,0.16663542,0.6,0.16663542,0.6,0.0,1.0,0.0,1.0,111,mosi,text,1.0,0.0,0.0,text,0.6666666865348816,0.8571428656578064,0.9599999785423279
303,303,k5Y_838nuGo$_$25,-0.2,-0.46642414,-0.46642414,-0.2,-0.46642414,-0.2,-0.0,-0.0,-0.0,-0.0,111,mosi,text,1.0,0.0,0.0,text,0.8571428656578064,0.7446808218955994,0.8070175647735596
304,304,k5Y_838nuGo$_$26,2.0,1.4734979,1.4734979,2.0,1.4734979,2.0,1.0,2.0,1.0,2.0,111,mosi,text,1.0,0.0,0.0,text,0.8333333134651184,0.8500000238418579,0.9583333134651184
305,305,k5Y_838nuGo$_$27,-0.8,-0.8074483,-0.8074483,-0.8,-0.8074483,-0.8,-1.0,-1.0,-1.0,-1.0,111,mosi,text,1.0,0.0,0.0,text,0.8787878751754761,0.7849462628364563,0.7946428656578064
306,306,k5Y_838nuGo$_$20,0.4,0.055202097,0.055202097,0.4,0.055202097,0.4,0.0,0.0,0.0,0.0,111,mosi,text,1.0,0.0,0.0,text,0.800000011920929,0.6842105388641357,0.7142857313156128
307,307,k5Y_838nuGo$_$21,-0.2,-0.808959,-0.808959,-0.2,-0.808959,-0.2,-1.0,-0.0,-1.0,-0.0,111,mosi,text,1.0,0.0,0.0,text,0.6666666865348816,0.8181818127632141,0.9259259104728699
308,308,k5Y_838nuGo$_$22,0.4,0.83734155,0.83734155,0.4,0.83734155,0.4,1.0,0.0,1.0,0.0,111,mosi,text,1.0,0.0,0.0,text,0.9333333373069763,0.84375,0.6578947305679321
309,309,k5Y_838nuGo$_$23,-0.2,1.3925552,1.3925552,-0.2,1.3925552,-0.2,1.0,-0.0,1.0,-0.0,111,mosi,text,1.0,0.0,0.0,text,0.8333333134651184,1.0,0.7142857313156128
310,310,k5Y_838nuGo$_$28,2.0,1.3429501,1.3429501,2.0,1.3429501,2.0,1.0,2.0,1.0,2.0,111,mosi,text,1.0,0.0,0.0,text,0.625,0.8125,0.9473684430122375
311,311,k5Y_838nuGo$_$29,-0.75,-0.37643456,-0.37643456,-0.75,-0.37643456,-0.75,-0.0,-1.0,-0.0,-1.0,111,mosi,text,1.0,0.0,0.0,text,0.7333333492279053,0.75,0.7631579041481018
312,312,k5Y_838nuGo$_$1,-1.6,-0.11123764,-0.11123764,-1.6,-0.11123764,-1.6,-0.0,-2.0,-0.0,-2.0,111,mosi,text,1.0,0.0,0.0,text,0.7777777910232544,0.7777777910232544,0.7727272510528564
313,313,k5Y_838nuGo$_$3,0.8,1.1682488,1.1682488,0.8,1.1682488,0.8,1.0,1.0,1.0,1.0,111,mosi,text,1.0,0.0,0.0,text,0.6428571343421936,0.7555555701255798,0.7234042286872864
314,314,k5Y_838nuGo$_$2,1.2,0.8254334,0.8254334,1.2,0.8254334,1.2,1.0,1.0,1.0,1.0,111,mosi,text,1.0,0.0,0.0,text,1.0,0.7083333134651184,0.8928571343421936
315,315,k5Y_838nuGo$_$5,-1.3333334,-0.8866219,-0.8866219,-1.3333334,-0.8866219,-1.3333334,-1.0,-1.0,-1.0,-1.0,111,mosi,text,1.0,0.0,0.0,text,1.0,0.8125,0.550000011920929
316,316,k5Y_838nuGo$_$4,1.0,1.5187501,1.5187501,1.0,1.5187501,1.0,2.0,1.0,2.0,1.0,111,mosi,text,1.0,0.0,0.0,text,0.8461538553237915,0.8799999952316284,0.800000011920929
317,317,k5Y_838nuGo$_$7,-2.4,-1.0699538,-1.0699538,-2.4,-1.0699538,-2.0,-1.0,-2.0,-1.0,-2.0,111,mosi,text,1.0,0.0,0.0,text,0.8999999761581421,0.7222222089767456,0.7272727489471436
318,318,k5Y_838nuGo$_$6,2.0,2.426348,2.426348,2.0,2.0,2.0,2.0,2.0,2.0,2.0,111,mosi,text,1.0,0.0,0.0,text,0.5555555820465088,0.875,0.8947368264198303
319,319,k5Y_838nuGo$_$9,1.8,0.8982227,0.8982227,1.8,0.8982227,1.8,1.0,2.0,1.0,2.0,111,mosi,text,1.0,0.0,0.0,text,0.625,0.8695651888847351,0.7037037014961243
320,320,k5Y_838nuGo$_$8,-1.4,0.15881056,0.15881056,-1.4,0.15881056,-1.4,0.0,-1.0,0.0,-1.0,111,mosi,text,1.0,0.0,0.0,text,0.8571428656578064,0.800000011920929,0.8333333134651184
321,321,k5Y_838nuGo$_$11,0.5,1.4933994,1.4933994,0.5,1.4933994,0.5,1.0,0.0,1.0,0.0,111,mosi,text,1.0,0.0,0.0,text,1.0,0.8235294222831726,0.7317073345184326
322,322,k5Y_838nuGo$_$10,2.0,0.38110194,0.38110194,2.0,0.38110194,2.0,0.0,2.0,0.0,2.0,111,mosi,text,1.0,0.0,0.0,text,0.8181818127632141,0.7586206793785095,0.8235294222831726
323,323,k5Y_838nuGo$_$13,0.6,-1.0163134,-1.0163134,0.6,-1.0163134,0.6,-1.0,1.0,-1.0,1.0,111,mosi,text,1.0,0.0,0.0,text,0.7142857313156128,0.8999999761581421,0.8055555820465088
324,324,k5Y_838nuGo$_$12,0.2,0.8964228,0.8964228,0.2,0.8964228,0.2,1.0,0.0,1.0,0.0,111,mosi,text,1.0,0.0,0.0,text,0.9473684430122375,0.7555555701255798,0.7777777910232544
325,325,k5Y_838nuGo$_$15,-0.8,1.6766167,1.6766167,-0.8,1.6766167,-0.8,2.0,-1.0,2.0,-1.0,111,mosi,text,1.0,0.0,0.0,text,0.7083333134651184,0.8888888955116272,0.8307692408561707
326,326,k5Y_838nuGo$_$14,-1.8,0.5704497,0.5704497,-1.8,0.5704497,-1.8,1.0,-2.0,1.0,-2.0,111,mosi,text,1.0,0.0,0.0,text,0.6842105388641357,0.8367347121238708,0.800000011920929
327,327,k5Y_838nuGo$_$17,0.8,1.0667431,1.0667431,0.8,1.0667431,0.8,1.0,1.0,1.0,1.0,111,mosi,text,1.0,0.0,0.0,text,0.75,0.8947368264198303,0.9583333134651184
328,328,k5Y_838nuGo$_$16,0.25,0.52660817,0.52660817,0.25,0.52660817,0.25,1.0,0.0,1.0,0.0,111,mosi,text,1.0,0.0,0.0,text,0.625,0.8421052694320679,0.8636363744735718
329,329,k5Y_838nuGo$_$19,-0.6,-0.56936455,-0.56936455,-0.6,-0.56936455,-0.6,-1.0,-1.0,-1.0,-1.0,111,mosi,text,1.0,0.0,0.0,text,0.8947368264198303,0.8285714387893677,0.8333333134651184
330,330,k5Y_838nuGo$_$18,0.4,1.261637,1.261637,0.4,1.261637,0.4,1.0,0.0,1.0,0.0,111,mosi,text,1.0,0.0,0.0,text,0.875,0.8823529481887817,0.8999999761581421
331,331,k5Y_838nuGo$_$31,-1.0,-0.61206067,-0.61206067,-1.0,-0.61206067,-1.0,-1.0,-1.0,-1.0,-1.0,111,mosi,text,1.0,0.0,0.0,text,0.7692307829856873,0.8695651888847351,0.7407407164573669
332,332,k5Y_838nuGo$_$30,1.6,0.8380534,0.8380534,1.6,0.8380534,1.6,1.0,2.0,1.0,2.0,111,mosi,text,1.0,0.0,0.0,text,0.8333333134651184,0.800000011920929,0.8292682766914368
333,333,lXPQBPVc5Cw$_$24,-1.4,-1.2582306,-1.2582306,-1.4,-1.2582306,-1.4,-1.0,-1.0,-1.0,-1.0,111,mosi,text,1.0,0.0,0.0,text,0.5714285969734192,0.7142857313156128,0.9200000166893005
334,334,lXPQBPVc5Cw$_$25,-2.4,-0.97715545,-0.97715545,-2.4,-0.97715545,-2.0,-1.0,-2.0,-1.0,-2.0,111,mosi,text,1.0,0.0,0.0,text,0.9130434989929199,0.7627118825912476,0.8536585569381714
335,335,lXPQBPVc5Cw$_$26,-2.8,-0.9033996,-0.9033996,-2.8,-0.9033996,-2.0,-1.0,-3.0,-1.0,-2.0,111,mosi,text,1.0,0.0,0.0,text,1.0,0.8571428656578064,0.8484848737716675
336,336,lXPQBPVc5Cw$_$27,-2.8,-0.90051967,-0.90051967,-2.8,-0.90051967,-2.0,-1.0,-3.0,-1.0,-2.0,111,mosi,text,1.0,0.0,0.0,text,0.875,0.8709677457809448,0.7631579041481018
337,337,lXPQBPVc5Cw$_$20,-1.8,0.40075693,0.40075693,-1.8,0.40075693,-1.8,0.0,-2.0,0.0,-2.0,111,mosi,text,1.0,0.0,0.0,text,0.6969696879386902,0.8282828330993652,0.7027027010917664
338,338,lXPQBPVc5Cw$_$21,1.8,0.8503584,0.8503584,1.8,0.8503584,1.8,1.0,2.0,1.0,2.0,111,mosi,text,1.0,0.0,0.0,text,0.5833333134651184,0.8095238208770752,0.800000011920929
339,339,lXPQBPVc5Cw$_$22,2.6,1.9990263,1.9990263,2.6,1.9990263,2.0,2.0,3.0,2.0,2.0,111,mosi,text,1.0,0.0,0.0,text,0.7692307829856873,0.8157894611358643,0.7777777910232544
340,340,lXPQBPVc5Cw$_$23,-2.4,0.4534005,0.4534005,-2.4,0.4534005,-2.0,0.0,-2.0,0.0,-2.0,111,mosi,text,1.0,0.0,0.0,text,0.7333333492279053,0.739130437374115,0.75
341,341,lXPQBPVc5Cw$_$28,0.8,1.188138,1.188138,0.8,1.188138,0.8,1.0,1.0,1.0,1.0,111,mosi,text,1.0,0.0,0.0,text,0.8823529481887817,0.7884615659713745,0.8095238208770752
342,342,lXPQBPVc5Cw$_$29,-1.2,-0.59838444,-0.59838444,-1.2,-0.59838444,-1.2,-1.0,-1.0,-1.0,-1.0,111,mosi,text,1.0,0.0,0.0,text,0.8709677457809448,0.8142856955528259,0.7882353067398071
343,343,lXPQBPVc5Cw$_$1,0.2,0.67586213,0.67586213,0.2,0.67586213,0.2,1.0,0.0,1.0,0.0,111,mosi,text,1.0,0.0,0.0,text,0.8888888955116272,0.8163265585899353,0.7118644118309021
344,344,lXPQBPVc5Cw$_$3,-2.4,-0.76734495,-0.76734495,-2.4,-0.76734495,-2.0,-1.0,-2.0,-1.0,-2.0,111,mosi,text,1.0,0.0,0.0,text,0.875,0.692307710647583,0.8387096524238586
345,345,lXPQBPVc5Cw$_$2,-2.2,-0.5138837,-0.5138837,-2.2,-0.5138837,-2.0,-1.0,-2.0,-1.0,-2.0,111,mosi,text,1.0,0.0,0.0,text,0.6153846383094788,0.949999988079071,0.7321428656578064
346,346,lXPQBPVc5Cw$_$5,-1.0,-0.57074267,-0.57074267,-1.0,-0.57074267,-1.0,-1.0,-1.0,-1.0,-1.0,111,mosi,text,1.0,0.0,0.0,text,0.8928571343421936,0.7894737124443054,0.8369565010070801
347,347,lXPQBPVc5Cw$_$4,-1.2,-0.72133964,-0.72133964,-1.2,-0.72133964,-1.2,-1.0,-1.0,-1.0,-1.0,111,mosi,text,1.0,0.0,0.0,text,0.6785714030265808,0.807692289352417,0.8297872543334961
348,348,lXPQBPVc5Cw$_$7,-2.8,-1.0291051,-1.0291051,-2.8,-1.0291051,-2.0,-1.0,-3.0,-1.0,-2.0,111,mosi,text,1.0,0.0,0.0,text,0.7666666507720947,0.841269850730896,0.7922077775001526
349,349,lXPQBPVc5Cw$_$6,-1.4,-1.3277007,-1.3277007,-1.4,-1.3277007,-1.4,-1.0,-1.0,-1.0,-1.0,111,mosi,text,1.0,0.0,0.0,text,0.6666666865348816,0.7599999904632568,0.8066666722297668
350,350,lXPQBPVc5Cw$_$9,-2.6,-1.321951,-1.321951,-2.6,-1.321951,-2.0,-1.0,-3.0,-1.0,-2.0,111,mosi,text,1.0,0.0,0.0,text,0.90625,0.6829268336296082,0.8265306353569031
351,351,lXPQBPVc5Cw$_$8,2.6,2.8055112,2.8055112,2.6,2.0,2.0,3.0,3.0,2.0,2.0,111,mosi,text,1.0,0.0,0.0,text,0.6363636255264282,0.8666666746139526,0.8571428656578064
352,352,lXPQBPVc5Cw$_$11,-1.8,-0.7567005,-0.7567005,-1.8,-0.7567005,-1.8,-1.0,-2.0,-1.0,-2.0,111,mosi,text,1.0,0.0,0.0,text,1.0,0.7142857313156128,0.8888888955116272
353,353,lXPQBPVc5Cw$_$10,-2.2,-0.9659729,-0.9659729,-2.2,-0.9659729,-2.0,-1.0,-2.0,-1.0,-2.0,111,mosi,text,1.0,0.0,0.0,text,0.8367347121238708,0.7960526347160339,0.748633861541748
354,354,lXPQBPVc5Cw$_$13,2.8,1.1937366,1.1937366,2.8,1.1937366,2.0,1.0,3.0,1.0,2.0,111,mosi,text,1.0,0.0,0.0,text,0.625,0.75,0.8333333134651184
355,355,lXPQBPVc5Cw$_$12,-2.0,-0.93863124,-0.93863124,-2.0,-0.93863124,-2.0,-1.0,-2.0,-1.0,-2.0,111,mosi,text,1.0,0.0,0.0,text,0.8461538553237915,0.8214285969734192,1.0
356,356,lXPQBPVc5Cw$_$15,-2.8,-0.31961247,-0.31961247,-2.8,-0.31961247,-2.0,-0.0,-3.0,-0.0,-2.0,111,mosi,text,1.0,0.0,0.0,text,0.6666666865348816,0.824999988079071,0.75
357,357,lXPQBPVc5Cw$_$14,-2.2,-1.5707133,-1.5707133,-2.2,-1.5707133,-2.0,-2.0,-2.0,-2.0,-2.0,111,mosi,text,1.0,0.0,0.0,text,0.8181818127632141,0.7777777910232544,0.7599999904632568
358,358,lXPQBPVc5Cw$_$17,-1.8,-0.62824875,-0.62824875,-1.8,-0.62824875,-1.8,-1.0,-2.0,-1.0,-2.0,111,mosi,text,1.0,0.0,0.0,text,0.7333333492279053,0.782608687877655,0.8192771077156067
359,359,lXPQBPVc5Cw$_$16,0.2,-0.6553776,-0.6553776,0.2,-0.6553776,0.2,-1.0,0.0,-1.0,0.0,111,mosi,text,1.0,0.0,0.0,text,0.949999988079071,0.8833333253860474,0.8333333134651184
360,360,lXPQBPVc5Cw$_$19,-1.8,-0.88366795,-0.88366795,-1.8,-0.88366795,-1.8,-1.0,-2.0,-1.0,-2.0,111,mosi,text,1.0,0.0,0.0,text,0.8888888955116272,0.8500000238418579,0.7200000286102295
361,361,lXPQBPVc5Cw$_$18,-1.4,0.8107164,0.8107164,-1.4,0.8107164,-1.4,1.0,-1.0,1.0,-1.0,111,mosi,text,1.0,0.0,0.0,text,0.5454545617103577,0.7599999904632568,0.800000011920929
362,362,lXPQBPVc5Cw$_$30,-2.0,-0.73713076,-0.73713076,-2.0,-0.73713076,-2.0,-1.0,-2.0,-1.0,-2.0,111,mosi,text,1.0,0.0,0.0,text,0.8571428656578064,0.8153846263885498,0.8518518805503845
363,363,nbWiPyCm4g0$_$10,1.2,2.1136458,2.1136458,1.2,2.0,1.2,2.0,1.0,2.0,1.0,111,mosi,text,1.0,0.0,0.0,text,0.7272727489471436,0.8780487775802612,0.7708333134651184
364,364,nbWiPyCm4g0$_$1,1.2,1.0715877,1.0715877,1.2,1.0715877,1.2,1.0,1.0,1.0,1.0,111,mosi,text,1.0,0.0,0.0,text,0.8999999761581421,0.78125,0.8461538553237915
365,365,nbWiPyCm4g0$_$3,-1.8,-0.1599814,-0.1599814,-1.8,-0.1599814,-1.8,-0.0,-2.0,-0.0,-2.0,111,mosi,text,1.0,0.0,0.0,text,0.75,0.7333333492279053,0.800000011920929
366,366,nbWiPyCm4g0$_$2,-2.4,0.22141927,0.22141927,-2.4,0.22141927,-2.0,0.0,-2.0,0.0,-2.0,111,mosi,text,1.0,0.0,0.0,text,0.9230769276618958,0.8181818127632141,0.8148148059844971
367,367,nbWiPyCm4g0$_$5,-1.4,-0.92224455,-0.92224455,-1.4,-0.92224455,-1.4,-1.0,-1.0,-1.0,-1.0,111,mosi,text,1.0,0.0,0.0,text,0.8611111044883728,0.790123462677002,0.78125
368,368,nbWiPyCm4g0$_$4,-2.2,-0.833562,-0.833562,-2.2,-0.833562,-2.0,-1.0,-2.0,-1.0,-2.0,111,mosi,text,1.0,0.0,0.0,text,0.7674418687820435,0.8188976645469666,0.7697368264198303
369,369,nbWiPyCm4g0$_$7,-1.2,-0.7528681,-0.7528681,-1.2,-0.7528681,-1.2,-1.0,-1.0,-1.0,-1.0,111,mosi,text,1.0,0.0,0.0,text,0.9090909361839294,0.78125,0.7894737124443054
370,370,nbWiPyCm4g0$_$6,0.0,-0.8500265,-0.8500265,0.0,-0.8500265,0.0,-1.0,0.0,-1.0,0.0,111,mosi,text,1.0,0.0,0.0,text,0.75,0.8055555820465088,0.9069767594337463
371,371,nbWiPyCm4g0$_$9,-1.4,-0.8558604,-0.8558604,-1.4,-0.8558604,-1.4,-1.0,-1.0,-1.0,-1.0,111,mosi,text,1.0,0.0,0.0,text,0.6666666865348816,0.8510638475418091,0.8214285969734192
372,372,nbWiPyCm4g0$_$8,-2.2,-1.1089767,-1.1089767,-2.2,-1.1089767,-2.0,-1.0,-2.0,-1.0,-2.0,111,mosi,text,1.0,0.0,0.0,text,0.761904776096344,0.7894737124443054,0.8260869383811951
373,373,nzpVDcQ0ywM$_$24,1.6,0.799935,0.799935,1.6,0.799935,1.6,1.0,2.0,1.0,2.0,111,mosi,text,1.0,0.0,0.0,text,0.8888888955116272,0.8571428656578064,0.6363636255264282
374,374,nzpVDcQ0ywM$_$20,0.2,0.9915291,0.9915291,0.2,0.9915291,0.2,1.0,0.0,1.0,0.0,111,mosi,text,1.0,0.0,0.0,text,0.800000011920929,0.9090909361839294,0.8461538553237915
375,375,nzpVDcQ0ywM$_$21,-1.4,-0.6240504,-0.6240504,-1.4,-0.6240504,-1.4,-1.0,-1.0,-1.0,-1.0,111,mosi,text,1.0,0.0,0.0,text,0.9333333373069763,0.9038461446762085,0.761904776096344
376,376,nzpVDcQ0ywM$_$22,2.0,2.221561,2.221561,2.0,2.0,2.0,2.0,2.0,2.0,2.0,111,mosi,text,1.0,0.0,0.0,text,0.8888888955116272,0.0,0.5
377,377,nzpVDcQ0ywM$_$23,2.0,2.476071,2.476071,2.0,2.0,2.0,2.0,2.0,2.0,2.0,111,mosi,text,1.0,0.0,0.0,text,0.75,0.8947368264198303,0.8181818127632141
378,378,nzpVDcQ0ywM$_$1,0.0,1.6563072,1.6563072,0.0,1.6563072,0.0,2.0,0.0,2.0,0.0,111,mosi,text,1.0,0.0,0.0,text,0.5333333611488342,0.8541666865348816,0.719298243522644
379,379,nzpVDcQ0ywM$_$3,0.8,2.0748875,2.0748875,0.8,2.0,0.8,2.0,1.0,2.0,1.0,111,mosi,text,1.0,0.0,0.0,text,0.8235294222831726,0.6521739363670349,0.7951807379722595
380,380,nzpVDcQ0ywM$_$2,-1.6,0.6291141,0.6291141,-1.6,0.6291141,-1.6,1.0,-2.0,1.0,-2.0,111,mosi,text,1.0,0.0,0.0,text,0.8999999761581421,0.7647058963775635,0.8292682766914368
381,381,nzpVDcQ0ywM$_$5,-0.4,0.6099751,0.6099751,-0.4,0.6099751,-0.4,1.0,-0.0,1.0,-0.0,111,mosi,text,1.0,0.0,0.0,text,0.8461538553237915,0.8409090638160706,0.7884615659713745
382,382,nzpVDcQ0ywM$_$4,-1.6,0.26611373,0.26611373,-1.6,0.26611373,-1.6,0.0,-2.0,0.0,-2.0,111,mosi,text,1.0,0.0,0.0,text,0.7666666507720947,0.8194444179534912,0.8372092843055725
383,383,nzpVDcQ0ywM$_$7,-1.0,-0.6202165,-0.6202165,-1.0,-0.6202165,-1.0,-1.0,-1.0,-1.0,-1.0,111,mosi,text,1.0,0.0,0.0,text,1.0,0.8636363744735718,0.7407407164573669
384,384,nzpVDcQ0ywM$_$6,-1.4,-0.48974887,-0.48974887,-1.4,-0.48974887,-1.4,-0.0,-1.0,-0.0,-1.0,111,mosi,text,1.0,0.0,0.0,text,0.9090909361839294,0.7021276354789734,0.8392857313156128
385,385,nzpVDcQ0ywM$_$9,-2.2,-0.71542954,-0.71542954,-2.2,-0.71542954,-2.0,-1.0,-2.0,-1.0,-2.0,111,mosi,text,1.0,0.0,0.0,text,0.9200000166893005,0.7857142686843872,0.7777777910232544
386,386,nzpVDcQ0ywM$_$8,2.0,2.1638985,2.1638985,2.0,2.0,2.0,2.0,2.0,2.0,2.0,111,mosi,text,1.0,0.0,0.0,text,0.9285714030265808,0.8999999761581421,0.7666666507720947
387,387,nzpVDcQ0ywM$_$11,0.0,-0.3153985,-0.3153985,0.0,-0.3153985,0.0,-0.0,0.0,-0.0,0.0,111,mosi,text,1.0,0.0,0.0,text,0.9230769276618958,0.7352941036224365,0.8536585569381714
388,388,nzpVDcQ0ywM$_$10,-1.0,-0.6908236,-0.6908236,-1.0,-0.6908236,-1.0,-1.0,-1.0,-1.0,-1.0,111,mosi,text,1.0,0.0,0.0,text,0.8999999761581421,0.8444444537162781,0.7870370149612427
389,389,nzpVDcQ0ywM$_$13,-1.0,-0.73044914,-0.73044914,-1.0,-0.73044914,-1.0,-1.0,-1.0,-1.0,-1.0,111,mosi,text,1.0,0.0,0.0,text,0.8823529481887817,0.7857142686843872,0.7941176295280457
390,390,nzpVDcQ0ywM$_$12,-1.4,-0.71927893,-0.71927893,-1.4,-0.71927893,-1.4,-1.0,-1.0,-1.0,-1.0,111,mosi,text,1.0,0.0,0.0,text,0.800000011920929,0.8974359035491943,0.7446808218955994
391,391,nzpVDcQ0ywM$_$15,-0.6,0.63503814,0.63503814,-0.6,0.63503814,-0.6,1.0,-1.0,1.0,-1.0,111,mosi,text,1.0,0.0,0.0,text,0.875,0.8888888955116272,0.9090909361839294
392,392,nzpVDcQ0ywM$_$14,0.2,-0.57078654,-0.57078654,0.2,-0.57078654,0.2,-1.0,0.0,-1.0,0.0,111,mosi,text,1.0,0.0,0.0,text,0.75,0.7402597665786743,0.8152173757553101
393,393,nzpVDcQ0ywM$_$17,1.6,0.74424493,0.74424493,1.6,0.74424493,1.6,1.0,2.0,1.0,2.0,111,mosi,text,1.0,0.0,0.0,text,1.0,0.6521739363670349,0.8888888955116272
394,394,nzpVDcQ0ywM$_$16,1.4,1.2723644,1.2723644,1.4,1.2723644,1.4,1.0,1.0,1.0,1.0,111,mosi,text,1.0,0.0,0.0,text,1.0,0.7317073345184326,0.795918345451355
395,395,nzpVDcQ0ywM$_$19,-2.0,1.1788008,1.1788008,-2.0,1.1788008,-2.0,1.0,-2.0,1.0,-2.0,111,mosi,text,1.0,0.0,0.0,text,0.75,0.6851851940155029,0.875
396,396,nzpVDcQ0ywM$_$18,1.2,1.0000476,1.0000476,1.2,1.0000476,1.2,1.0,1.0,1.0,1.0,111,mosi,text,1.0,0.0,0.0,text,0.8333333134651184,0.8333333134651184,0.8611111044883728
397,397,ob23OKe5a9Q$_$11,0.8,1.5813565,1.5813565,0.8,1.5813565,0.8,2.0,1.0,2.0,1.0,111,mosi,text,1.0,0.0,0.0,text,0.7575757503509521,0.7443609237670898,0.8333333134651184
398,398,ob23OKe5a9Q$_$10,1.25,1.5136105,1.5136105,1.25,1.5136105,1.25,2.0,1.0,2.0,1.0,111,mosi,text,1.0,0.0,0.0,text,1.0,0.7647058963775635,0.8500000238418579
399,399,ob23OKe5a9Q$_$13,1.25,0.4294279,0.4294279,1.25,0.4294279,1.25,0.0,1.0,0.0,1.0,111,mosi,text,1.0,0.0,0.0,text,0.7647058963775635,0.7692307829856873,0.7096773982048035
400,400,ob23OKe5a9Q$_$12,2.8,2.2095592,2.2095592,2.8,2.0,2.0,2.0,3.0,2.0,2.0,111,mosi,text,1.0,0.0,0.0,text,0.9090909361839294,0.75,0.8529411554336548
401,401,ob23OKe5a9Q$_$14,0.8,0.6222397,0.6222397,0.8,0.6222397,0.8,1.0,1.0,1.0,1.0,111,mosi,text,1.0,0.0,0.0,text,0.7142857313156128,0.8265306353569031,0.7606837749481201
402,402,ob23OKe5a9Q$_$1,1.2,1.9576862,1.9576862,1.2,1.9576862,1.2,2.0,1.0,2.0,1.0,111,mosi,text,1.0,0.0,0.0,text,1.0,0.8620689511299133,0.7647058963775635
403,403,ob23OKe5a9Q$_$3,-1.2,-0.92550075,-0.92550075,-1.2,-0.92550075,-1.2,-1.0,-1.0,-1.0,-1.0,111,mosi,text,1.0,0.0,0.0,text,0.699999988079071,0.8157894611358643,0.9111111164093018
404,404,ob23OKe5a9Q$_$2,1.0,1.6043386,1.6043386,1.0,1.6043386,1.0,2.0,1.0,2.0,1.0,111,mosi,text,1.0,0.0,0.0,text,0.5714285969734192,0.8125,0.6842105388641357
405,405,ob23OKe5a9Q$_$5,-1.8,-1.1009775,-1.1009775,-1.8,-1.1009775,-1.8,-1.0,-2.0,-1.0,-2.0,111,mosi,text,1.0,0.0,0.0,text,0.75,0.852173924446106,0.8550724387168884
406,406,ob23OKe5a9Q$_$4,-1.5,-0.7938671,-0.7938671,-1.5,-0.7938671,-1.5,-1.0,-2.0,-1.0,-2.0,111,mosi,text,1.0,0.0,0.0,text,0.800000011920929,0.8148148059844971,0.7878788113594055
407,407,ob23OKe5a9Q$_$7,0.6,0.76966554,0.76966554,0.6,0.76966554,0.6,1.0,1.0,1.0,1.0,111,mosi,text,1.0,0.0,0.0,text,0.8823529481887817,0.8541666865348816,0.8103448152542114
408,408,ob23OKe5a9Q$_$6,0.0,-0.20399237,-0.20399237,0.0,-0.20399237,0.0,-0.0,0.0,-0.0,0.0,111,mosi,text,1.0,0.0,0.0,text,0.8799999952316284,0.8846153616905212,0.8571428656578064
409,409,ob23OKe5a9Q$_$9,-1.4,-1.1176034,-1.1176034,-1.4,-1.1176034,-1.4,-1.0,-1.0,-1.0,-1.0,111,mosi,text,1.0,0.0,0.0,text,0.8799999952316284,0.7880794405937195,0.8607594966888428
410,410,ob23OKe5a9Q$_$8,0.6,1.6386592,1.6386592,0.6,1.6386592,0.6,2.0,1.0,2.0,1.0,111,mosi,text,1.0,0.0,0.0,text,0.8333333134651184,0.7757009267807007,0.7627118825912476
411,411,pLTX3ipuDJI$_$11,0.6,-1.0800605,-1.0800605,0.6,-1.0800605,0.6,-1.0,1.0,-1.0,1.0,111,mosi,text,1.0,0.0,0.0,text,0.7058823704719543,0.8510638475418091,0.7017543911933899
412,412,pLTX3ipuDJI$_$10,-1.6,-0.7867283,-0.7867283,-1.6,-0.7867283,-1.6,-1.0,-2.0,-1.0,-2.0,111,mosi,text,1.0,0.0,0.0,text,0.8260869383811951,0.868852436542511,0.835616409778595
413,413,pLTX3ipuDJI$_$13,-1.4,0.64673716,0.64673716,-1.4,0.64673716,-1.4,1.0,-1.0,1.0,-1.0,111,mosi,text,1.0,0.0,0.0,text,0.75,0.8125,0.8421052694320679
414,414,pLTX3ipuDJI$_$12,-2.0,-0.7469092,-0.7469092,-2.0,-0.7469092,-2.0,-1.0,-2.0,-1.0,-2.0,111,mosi,text,1.0,0.0,0.0,text,0.8888888955116272,0.8522727489471436,0.7586206793785095
415,415,pLTX3ipuDJI$_$15,-1.4,-1.038009,-1.038009,-1.4,-1.038009,-1.4,-1.0,-1.0,-1.0,-1.0,111,mosi,text,1.0,0.0,0.0,text,0.6800000071525574,0.7575757503509521,0.6666666865348816
416,416,pLTX3ipuDJI$_$14,-2.0,-0.85717916,-0.85717916,-2.0,-0.85717916,-2.0,-1.0,-2.0,-1.0,-2.0,111,mosi,text,1.0,0.0,0.0,text,0.8333333134651184,0.59375,0.6666666865348816
417,417,pLTX3ipuDJI$_$16,-1.6,-0.34778866,-0.34778866,-1.6,-0.34778866,-1.6,-0.0,-2.0,-0.0,-2.0,111,mosi,text,1.0,0.0,0.0,text,0.7714285850524902,0.7425742745399475,0.8666666746139526
418,418,pLTX3ipuDJI$_$1,-2.4,0.6389006,0.6389006,-2.4,0.6389006,-2.0,1.0,-2.0,1.0,-2.0,111,mosi,text,1.0,0.0,0.0,text,0.7647058963775635,0.8214285969734192,0.746268630027771
419,419,pLTX3ipuDJI$_$3,-1.2,-0.6343782,-0.6343782,-1.2,-0.6343782,-1.2,-1.0,-1.0,-1.0,-1.0,111,mosi,text,1.0,0.0,0.0,text,0.695652186870575,0.8679245114326477,0.75
420,420,pLTX3ipuDJI$_$2,-1.8,-0.69290465,-0.69290465,-1.8,-0.69290465,-1.8,-1.0,-2.0,-1.0,-2.0,111,mosi,text,1.0,0.0,0.0,text,0.7777777910232544,0.8636363744735718,0.8227847814559937
421,421,pLTX3ipuDJI$_$5,-2.0,-0.6891542,-0.6891542,-2.0,-0.6891542,-2.0,-1.0,-2.0,-1.0,-2.0,111,mosi,text,1.0,0.0,0.0,text,0.800000011920929,0.8181818127632141,0.8101266026496887
422,422,pLTX3ipuDJI$_$4,-2.2,0.86429983,0.86429983,-2.2,0.86429983,-2.0,1.0,-2.0,1.0,-2.0,111,mosi,text,1.0,0.0,0.0,text,0.7777777910232544,0.7722772359848022,0.8813559412956238
423,423,pLTX3ipuDJI$_$7,0.8,-0.2430388,-0.2430388,0.8,-0.2430388,0.8,-0.0,1.0,-0.0,1.0,111,mosi,text,1.0,0.0,0.0,text,0.9285714030265808,0.6904761791229248,0.8199999928474426
424,424,pLTX3ipuDJI$_$6,-1.4,0.19675231,0.19675231,-1.4,0.19675231,-1.4,0.0,-1.0,0.0,-1.0,111,mosi,text,1.0,0.0,0.0,text,0.8500000238418579,0.7924528121948242,0.75
425,425,pLTX3ipuDJI$_$9,0.0,-0.45066637,-0.45066637,0.0,-0.45066637,0.0,-0.0,0.0,-0.0,0.0,111,mosi,text,1.0,0.0,0.0,text,0.875,0.7878788113594055,0.7307692170143127
426,426,pLTX3ipuDJI$_$8,-2.0,-1.0584887,-1.0584887,-2.0,-1.0584887,-2.0,-1.0,-2.0,-1.0,-2.0,111,mosi,text,1.0,0.0,0.0,text,0.7777777910232544,0.8387096524238586,0.7837837934494019
427,427,phBUpBr1hSo$_$11,2.0,0.5495672,0.5495672,2.0,0.5495672,2.0,1.0,2.0,1.0,2.0,111,mosi,text,1.0,0.0,0.0,text,0.8888888955116272,0.6666666865348816,0.8399999737739563
428,428,phBUpBr1hSo$_$10,-1.4,-0.9390605,-0.9390605,-1.4,-0.9390605,-1.4,-1.0,-1.0,-1.0,-1.0,111,mosi,text,1.0,0.0,0.0,text,0.6666666865348816,0.800000011920929,0.7714285850524902
429,429,phBUpBr1hSo$_$13,0.8,1.1388432,1.1388432,0.8,1.1388432,0.8,1.0,1.0,1.0,1.0,111,mosi,text,1.0,0.0,0.0,text,0.9090909361839294,0.7894737124443054,0.6818181872367859
430,430,phBUpBr1hSo$_$12,1.8,-0.49914923,-0.49914923,1.8,-0.49914923,1.8,-0.0,2.0,-0.0,2.0,111,mosi,text,1.0,0.0,0.0,text,0.8399999737739563,0.8266666531562805,0.800000011920929
431,431,phBUpBr1hSo$_$15,-2.2,-0.29194883,-0.29194883,-2.2,-0.29194883,-2.0,-0.0,-2.0,-0.0,-2.0,111,mosi,text,1.0,0.0,0.0,text,0.7799999713897705,0.7701863646507263,0.8144329786300659
432,432,phBUpBr1hSo$_$14,-1.2,-0.5753798,-0.5753798,-1.2,-0.5753798,-1.2,-1.0,-1.0,-1.0,-1.0,111,mosi,text,1.0,0.0,0.0,text,1.0,0.824999988079071,0.7916666865348816
433,433,phBUpBr1hSo$_$17,2.0,1.2507303,1.2507303,2.0,1.2507303,2.0,1.0,2.0,1.0,2.0,111,mosi,text,1.0,0.0,0.0,text,0.800000011920929,0.8970588445663452,0.8148148059844971
434,434,phBUpBr1hSo$_$16,-1.6,-0.539468,-0.539468,-1.6,-0.539468,-1.6,-1.0,-2.0,-1.0,-2.0,111,mosi,text,1.0,0.0,0.0,text,0.8799999952316284,0.8125,0.8275862336158752
435,435,phBUpBr1hSo$_$19,2.0,1.4633033,1.4633033,2.0,1.4633033,2.0,1.0,2.0,1.0,2.0,111,mosi,text,1.0,0.0,0.0,text,1.0,0.699999988079071,0.9166666865348816
436,436,phBUpBr1hSo$_$18,0.8,1.5587785,1.5587785,0.8,1.5587785,0.8,2.0,1.0,2.0,1.0,111,mosi,text,1.0,0.0,0.0,text,0.75,0.8571428656578064,0.8235294222831726
437,437,phBUpBr1hSo$_$20,-1.25,1.486549,1.486549,-1.25,1.486549,-1.25,1.0,-1.0,1.0,-1.0,111,mosi,text,1.0,0.0,0.0,text,0.8333333134651184,0.8125,0.8448275923728943
438,438,phBUpBr1hSo$_$1,1.4,2.0077877,2.0077877,1.4,2.0,1.4,2.0,1.0,2.0,1.0,111,mosi,text,1.0,0.0,0.0,text,0.8999999761581421,0.7727272510528564,0.8148148059844971
439,439,phBUpBr1hSo$_$3,2.8,0.3722932,0.3722932,2.8,0.3722932,2.0,0.0,3.0,0.0,2.0,111,mosi,text,1.0,0.0,0.0,text,0.7857142686843872,0.8780487775802612,0.795918345451355
440,440,phBUpBr1hSo$_$2,2.2,1.0243404,1.0243404,2.2,1.0243404,2.0,1.0,2.0,1.0,2.0,111,mosi,text,1.0,0.0,0.0,text,1.0,0.75,0.6666666865348816
441,441,phBUpBr1hSo$_$5,-1.4,0.9604932,0.9604932,-1.4,0.9604932,-1.4,1.0,-1.0,1.0,-1.0,111,mosi,text,1.0,0.0,0.0,text,0.6470588445663452,0.8301886916160583,0.8421052694320679
442,442,phBUpBr1hSo$_$4,-0.8,-0.14777443,-0.14777443,-0.8,-0.14777443,-0.8,-0.0,-1.0,-0.0,-1.0,111,mosi,text,1.0,0.0,0.0,text,0.9375,0.7692307829856873,0.7142857313156128
443,443,phBUpBr1hSo$_$7,-1.0,-0.005913019,-0.005913019,-1.0,-0.005913019,-1.0,-0.0,-1.0,-0.0,-1.0,111,mosi,text,1.0,0.0,0.0,text,0.7142857313156128,0.7916666865348816,0.7847222089767456
444,444,phBUpBr1hSo$_$6,1.6,0.7112559,0.7112559,1.6,0.7112559,1.6,1.0,2.0,1.0,2.0,111,mosi,text,1.0,0.0,0.0,text,0.8999999761581421,0.8936170339584351,0.7894737124443054
445,445,phBUpBr1hSo$_$9,-2.0,-0.63127184,-0.63127184,-2.0,-0.63127184,-2.0,-1.0,-2.0,-1.0,-2.0,111,mosi,text,1.0,0.0,0.0,text,0.7799999713897705,0.7535211443901062,0.7555555701255798
446,446,phBUpBr1hSo$_$8,-2.2,-1.4042221,-1.4042221,-2.2,-1.4042221,-2.0,-1.0,-2.0,-1.0,-2.0,111,mosi,text,1.0,0.0,0.0,text,0.800000011920929,0.8292682766914368,0.7974276542663574
447,447,phBUpBr1hSo$_$21,0.8,1.0901039,1.0901039,0.8,1.0901039,0.8,1.0,1.0,1.0,1.0,111,mosi,text,1.0,0.0,0.0,text,0.739130437374115,0.8627451062202454,0.774193525314331
448,448,rnaNMUZpvvg$_$20,0.8,1.1590207,1.1590207,0.8,1.1590207,0.8,1.0,1.0,1.0,1.0,111,mosi,text,1.0,0.0,0.0,text,0.800000011920929,0.7479674816131592,0.7777777910232544
449,449,rnaNMUZpvvg$_$21,-2.6,-0.8593022,-0.8593022,-2.6,-0.8593022,-2.0,-1.0,-3.0,-1.0,-2.0,111,mosi,text,1.0,0.0,0.0,text,0.8181818127632141,0.8166666626930237,0.8333333134651184
450,450,rnaNMUZpvvg$_$22,-2.2,-0.2527948,-0.2527948,-2.2,-0.2527948,-2.0,-0.0,-2.0,-0.0,-2.0,111,mosi,text,1.0,0.0,0.0,text,0.931034505367279,0.8055555820465088,0.8045976758003235
451,451,rnaNMUZpvvg$_$1,-2.6,-1.1325346,-1.1325346,-2.6,-1.1325346,-2.0,-1.0,-3.0,-1.0,-2.0,111,mosi,text,1.0,0.0,0.0,text,0.8333333134651184,0.7906976938247681,0.843137264251709
452,452,rnaNMUZpvvg$_$3,-0.8,-0.35750926,-0.35750926,-0.8,-0.35750926,-0.8,-0.0,-1.0,-0.0,-1.0,111,mosi,text,1.0,0.0,0.0,text,1.0,0.8181818127632141,0.8518518805503845
453,453,rnaNMUZpvvg$_$2,2.25,2.3417456,2.3417456,2.25,2.0,2.0,2.0,2.0,2.0,2.0,111,mosi,text,1.0,0.0,0.0,text,0.7777777910232544,0.7647058963775635,0.6666666865348816
454,454,rnaNMUZpvvg$_$5,-2.8,-0.5744519,-0.5744519,-2.8,-0.5744519,-2.0,-1.0,-3.0,-1.0,-2.0,111,mosi,text,1.0,0.0,0.0,text,0.9090909361839294,0.5714285969734192,0.7599999904632568
455,455,rnaNMUZpvvg$_$4,-2.4,-0.9490703,-0.9490703,-2.4,-0.9490703,-2.0,-1.0,-2.0,-1.0,-2.0,111,mosi,text,1.0,0.0,0.0,text,0.7551020383834839,0.8226950168609619,0.7588235139846802
456,456,rnaNMUZpvvg$_$7,-0.4,1.3521864,1.3521864,-0.4,1.3521864,-0.4,1.0,-0.0,1.0,-0.0,111,mosi,text,1.0,0.0,0.0,text,0.7777777910232544,0.7586206793785095,0.7941176295280457
457,457,rnaNMUZpvvg$_$6,-2.6,-0.16333038,-0.16333038,-2.6,-0.16333038,-2.0,-0.0,-3.0,-0.0,-2.0,111,mosi,text,1.0,0.0,0.0,text,0.800000011920929,0.9166666865348816,0.7857142686843872
458,458,rnaNMUZpvvg$_$9,-1.4,-0.8462406,-0.8462406,-1.4,-0.8462406,-1.4,-1.0,-1.0,-1.0,-1.0,111,mosi,text,1.0,0.0,0.0,text,0.75,0.8275862336158752,0.8550724387168884
459,459,rnaNMUZpvvg$_$8,-1.6,-0.90821385,-0.90821385,-1.6,-0.90821385,-1.6,-1.0,-2.0,-1.0,-2.0,111,mosi,text,1.0,0.0,0.0,text,0.9090909361839294,0.8275862336158752,0.800000011920929
460,460,rnaNMUZpvvg$_$11,-2.6,-0.8553847,-0.8553847,-2.6,-0.8553847,-2.0,-1.0,-3.0,-1.0,-2.0,111,mosi,text,1.0,0.0,0.0,text,0.6666666865348816,0.8947368264198303,0.6888889074325562
461,461,rnaNMUZpvvg$_$10,-2.6,-0.72118855,-0.72118855,-2.6,-0.72118855,-2.0,-1.0,-3.0,-1.0,-2.0,111,mosi,text,1.0,0.0,0.0,text,0.9230769276618958,0.8260869383811951,0.7407407164573669
462,462,rnaNMUZpvvg$_$13,-2.0,-0.8589001,-0.8589001,-2.0,-0.8589001,-2.0,-1.0,-2.0,-1.0,-2.0,111,mosi,text,1.0,0.0,0.0,text,1.0,0.7647058963775635,0.7142857313156128
463,463,rnaNMUZpvvg$_$12,-1.0,0.8004889,0.8004889,-1.0,0.8004889,-1.0,1.0,-1.0,1.0,-1.0,111,mosi,text,1.0,0.0,0.0,text,0.7727272510528564,0.8125,0.8245614171028137
464,464,rnaNMUZpvvg$_$15,-1.6,-1.370147,-1.370147,-1.6,-1.370147,-1.6,-1.0,-2.0,-1.0,-2.0,111,mosi,text,1.0,0.0,0.0,text,0.7631579041481018,0.8395061492919922,0.8181818127632141
465,465,rnaNMUZpvvg$_$14,-2.6,-0.8543825,-0.8543825,-2.6,-0.8543825,-2.0,-1.0,-3.0,-1.0,-2.0,111,mosi,text,1.0,0.0,0.0,text,0.9375,0.7307692170143127,0.8225806355476379
466,466,rnaNMUZpvvg$_$17,-1.6,-0.77745974,-0.77745974,-1.6,-0.77745974,-1.6,-1.0,-2.0,-1.0,-2.0,111,mosi,text,1.0,0.0,0.0,text,0.8571428656578064,0.6666666865348816,0.7599999904632568
467,467,rnaNMUZpvvg$_$16,-1.8,0.18959829,0.18959829,-1.8,0.18959829,-1.8,0.0,-2.0,0.0,-2.0,111,mosi,text,1.0,0.0,0.0,text,0.8999999761581421,0.7857142686843872,0.8823529481887817
468,468,rnaNMUZpvvg$_$19,-1.4,-0.9219885,-0.9219885,-1.4,-0.9219885,-1.4,-1.0,-1.0,-1.0,-1.0,111,mosi,text,1.0,0.0,0.0,text,0.8695651888847351,0.7735849022865295,0.734375
469,469,rnaNMUZpvvg$_$18,-2.2,0.27392665,0.27392665,-2.2,0.27392665,-2.0,0.0,-2.0,0.0,-2.0,111,mosi,text,1.0,0.0,0.0,text,0.930232584476471,0.7445255517959595,0.8282208442687988
470,470,tIrG4oNLFzE$_$11,-1.6,-0.76636356,-0.76636356,-1.6,-0.76636356,-1.6,-1.0,-2.0,-1.0,-2.0,111,mosi,text,1.0,0.0,0.0,text,0.8125,0.7719298005104065,0.7720588445663452
471,471,tIrG4oNLFzE$_$10,-1.8,-0.56630003,-0.56630003,-1.8,-0.56630003,-1.8,-1.0,-2.0,-1.0,-2.0,111,mosi,text,1.0,0.0,0.0,text,0.8666666746139526,0.6296296119689941,0.84375
472,472,tIrG4oNLFzE$_$13,-2.0,-0.7717299,-0.7717299,-2.0,-0.7717299,-2.0,-1.0,-2.0,-1.0,-2.0,111,mosi,text,1.0,0.0,0.0,text,0.8799999952316284,0.8038461804389954,0.7572463750839233
473,473,tIrG4oNLFzE$_$12,-2.6,-0.9944196,-0.9944196,-2.6,-0.9944196,-2.0,-1.0,-3.0,-1.0,-2.0,111,mosi,text,1.0,0.0,0.0,text,0.7777777910232544,0.8148148059844971,0.71875
474,474,tIrG4oNLFzE$_$15,-2.0,0.98175174,0.98175174,-2.0,0.98175174,-2.0,1.0,-2.0,1.0,-2.0,111,mosi,text,1.0,0.0,0.0,text,0.875,0.7746478915214539,0.8095238208770752
475,475,tIrG4oNLFzE$_$14,-2.4,-1.2913281,-1.2913281,-2.4,-1.2913281,-2.0,-1.0,-2.0,-1.0,-2.0,111,mosi,text,1.0,0.0,0.0,text,0.8444444537162781,0.7837837934494019,0.7344632744789124
476,476,tIrG4oNLFzE$_$17,-0.4,-0.6688576,-0.6688576,-0.4,-0.6688576,-0.4,-1.0,-0.0,-1.0,-0.0,111,mosi,text,1.0,0.0,0.0,text,0.8409090638160706,0.7731958627700806,0.7863247990608215
477,477,tIrG4oNLFzE$_$16,-1.6,-0.28571942,-0.28571942,-1.6,-0.28571942,-1.6,-0.0,-2.0,-0.0,-2.0,111,mosi,text,1.0,0.0,0.0,text,0.875,0.7790697813034058,0.8058252334594727
478,478,tIrG4oNLFzE$_$18,-2.2,-1.3227805,-1.3227805,-2.2,-1.3227805,-2.0,-1.0,-2.0,-1.0,-2.0,111,mosi,text,1.0,0.0,0.0,text,0.8799999952316284,0.8484848737716675,0.8227847814559937
479,479,tIrG4oNLFzE$_$1,2.8,1.201883,1.201883,2.8,1.201883,2.0,1.0,3.0,1.0,2.0,111,mosi,text,1.0,0.0,0.0,text,0.9166666865348816,0.8536585569381714,0.795918345451355
480,480,tIrG4oNLFzE$_$3,2.6,1.81771,1.81771,2.6,1.81771,2.0,2.0,3.0,2.0,2.0,111,mosi,text,1.0,0.0,0.0,text,0.8571428656578064,0.6666666865348816,0.8297872543334961
481,481,tIrG4oNLFzE$_$2,2.4,1.3404253,1.3404253,2.4,1.3404253,2.0,1.0,2.0,1.0,2.0,111,mosi,text,1.0,0.0,0.0,text,0.6363636255264282,0.800000011920929,0.8055555820465088
482,482,tIrG4oNLFzE$_$5,0.4,1.4994284,1.4994284,0.4,1.4994284,0.4,1.0,0.0,1.0,0.0,111,mosi,text,1.0,0.0,0.0,text,0.75,0.8666666746139526,0.8611111044883728
483,483,tIrG4oNLFzE$_$4,1.4,0.71913147,0.71913147,1.4,0.71913147,1.4,1.0,1.0,1.0,1.0,111,mosi,text,1.0,0.0,0.0,text,0.9333333373069763,0.6785714030265808,0.7575757503509521
484,484,tIrG4oNLFzE$_$7,-1.4,-0.9756855,-0.9756855,-1.4,-0.9756855,-1.4,-1.0,-1.0,-1.0,-1.0,111,mosi,text,1.0,0.0,0.0,text,0.9285714030265808,0.7924528121948242,0.8095238208770752
485,485,tIrG4oNLFzE$_$6,1.25,0.96186626,0.96186626,1.25,0.96186626,1.25,1.0,1.0,1.0,1.0,111,mosi,text,1.0,0.0,0.0,text,0.7692307829856873,0.7096773982048035,0.837837815284729
486,486,tIrG4oNLFzE$_$9,-1.0,-0.3139864,-0.3139864,-1.0,-0.3139864,-1.0,-0.0,-1.0,-0.0,-1.0,111,mosi,text,1.0,0.0,0.0,text,0.7916666865348816,0.7586206793785095,0.7596153616905212
487,487,tIrG4oNLFzE$_$8,-1.2,-0.33011946,-0.33011946,-1.2,-0.33011946,-1.2,-0.0,-1.0,-0.0,-1.0,111,mosi,text,1.0,0.0,0.0,text,0.7599999904632568,0.8358974456787109,0.75
488,488,tStelxIAHjw$_$11,-2.8,-1.4644638,-1.4644638,-2.8,-1.4644638,-2.0,-1.0,-3.0,-1.0,-2.0,111,mosi,text,1.0,0.0,0.0,text,1.0,0.7058823704719543,0.8999999761581421
489,489,tStelxIAHjw$_$10,-0.4,0.18847969,0.18847969,-0.4,0.18847969,-0.4,0.0,-0.0,0.0,-0.0,111,mosi,text,1.0,0.0,0.0,text,0.8888888955116272,0.7777777910232544,0.8571428656578064
490,490,tStelxIAHjw$_$13,-1.6,1.4137102,1.4137102,-1.6,1.4137102,-1.6,1.0,-2.0,1.0,-2.0,111,mosi,text,1.0,0.0,0.0,text,0.8571428656578064,0.7142857313156128,0.9200000166893005
491,491,tStelxIAHjw$_$12,-1.0,-0.18379533,-0.18379533,-1.0,-0.18379533,-1.0,-0.0,-1.0,-0.0,-1.0,111,mosi,text,1.0,0.0,0.0,text,1.0,0.9655172228813171,0.7941176295280457
492,492,tStelxIAHjw$_$15,0.4,0.78968567,0.78968567,0.4,0.78968567,0.4,1.0,0.0,1.0,0.0,111,mosi,text,1.0,0.0,0.0,text,0.800000011920929,0.7592592835426331,0.8125
493,493,tStelxIAHjw$_$14,-1.8,-0.97741735,-0.97741735,-1.8,-0.97741735,-1.8,-1.0,-2.0,-1.0,-2.0,111,mosi,text,1.0,0.0,0.0,text,0.875,0.8571428656578064,0.9411764740943909
494,494,tStelxIAHjw$_$16,0.8,2.1087487,2.1087487,0.8,2.0,0.8,2.0,1.0,2.0,1.0,111,mosi,text,1.0,0.0,0.0,text,1.0,0.8888888955116272,0.9090909361839294
495,495,tStelxIAHjw$_$1,0.0,-0.10729831,-0.10729831,0.0,-0.10729831,0.0,-0.0,0.0,-0.0,0.0,111,mosi,text,1.0,0.0,0.0,text,0.875,0.782608687877655,0.8192771077156067
496,496,tStelxIAHjw$_$3,0.5,0.875007,0.875007,0.5,0.875007,0.5,1.0,0.0,1.0,0.0,111,mosi,text,1.0,0.0,0.0,text,0.6000000238418579,0.9333333373069763,0.8235294222831726
497,497,tStelxIAHjw$_$2,-2.0,0.7601875,0.7601875,-2.0,0.7601875,-2.0,1.0,-2.0,1.0,-2.0,111,mosi,text,1.0,0.0,0.0,text,0.75,0.7407407164573669,0.7857142686843872
498,498,tStelxIAHjw$_$5,-2.2,-0.45786116,-0.45786116,-2.2,-0.45786116,-2.0,-0.0,-2.0,-0.0,-2.0,111,mosi,text,1.0,0.0,0.0,text,0.7142857313156128,0.8799999952316284,0.800000011920929
499,499,tStelxIAHjw$_$4,-2.8,-1.1426325,-1.1426325,-2.8,-1.1426325,-2.0,-1.0,-3.0,-1.0,-2.0,111,mosi,text,1.0,0.0,0.0,text,0.7777777910232544,0.790123462677002,0.7731958627700806
500,500,tStelxIAHjw$_$7,1.4,0.8170473,0.8170473,1.4,0.8170473,1.4,1.0,1.0,1.0,1.0,111,mosi,text,1.0,0.0,0.0,text,1.0,0.9411764740943909,1.0
501,501,tStelxIAHjw$_$6,1.6,1.6805835,1.6805835,1.6,1.6805835,1.6,2.0,2.0,2.0,2.0,111,mosi,text,1.0,0.0,0.0,text,0.8571428656578064,0.9285714030265808,0.625
502,502,tStelxIAHjw$_$9,-1.4,0.6383895,0.6383895,-1.4,0.6383895,-1.4,1.0,-1.0,1.0,-1.0,111,mosi,text,1.0,0.0,0.0,text,0.4444444477558136,1.0,0.7222222089767456
503,503,tStelxIAHjw$_$8,-2.0,2.0842018,2.0842018,-2.0,2.0,-2.0,2.0,-2.0,2.0,-2.0,111,mosi,text,1.0,0.0,0.0,text,0.6666666865348816,0.7272727489471436,0.9230769276618958
504,504,tmZoasNr4rU$_$11,-0.6,-0.16936675,-0.16936675,-0.6,-0.16936675,-0.6,-0.0,-1.0,-0.0,-1.0,111,mosi,text,1.0,0.0,0.0,text,1.0,0.8684210777282715,0.7555555701255798
505,505,tmZoasNr4rU$_$10,-1.8,-0.45816672,-0.45816672,-1.8,-0.45816672,-1.8,-0.0,-2.0,-0.0,-2.0,111,mosi,text,1.0,0.0,0.0,text,0.8333333134651184,0.8399999737739563,0.8214285969734192
506,506,tmZoasNr4rU$_$13,-0.8,-0.545651,-0.545651,-0.8,-0.545651,-0.8,-1.0,-1.0,-1.0,-1.0,111,mosi,text,1.0,0.0,0.0,text,0.9375,0.7900000214576721,0.7413793206214905
507,507,tmZoasNr4rU$_$12,-2.2,-0.3316138,-0.3316138,-2.2,-0.3316138,-2.0,-0.0,-2.0,-0.0,-2.0,111,mosi,text,1.0,0.0,0.0,text,0.8999999761581421,0.6896551847457886,0.8857142925262451
508,508,tmZoasNr4rU$_$15,0.25,-0.27115744,-0.27115744,0.25,-0.27115744,0.25,-0.0,0.0,-0.0,0.0,111,mosi,text,1.0,0.0,0.0,text,0.6666666865348816,0.7692307829856873,0.71875
509,509,tmZoasNr4rU$_$14,-2.0,-0.4289793,-0.4289793,-2.0,-0.4289793,-2.0,-0.0,-2.0,-0.0,-2.0,111,mosi,text,1.0,0.0,0.0,text,0.8888888955116272,0.7333333492279053,0.7906976938247681
510,510,tmZoasNr4rU$_$17,-1.4,-0.74906445,-0.74906445,-1.4,-0.74906445,-1.4,-1.0,-1.0,-1.0,-1.0,111,mosi,text,1.0,0.0,0.0,text,0.8846153616905212,0.7752808928489685,0.8125
511,511,tmZoasNr4rU$_$16,-1.4,-1.0644768,-1.0644768,-1.4,-1.0644768,-1.4,-1.0,-1.0,-1.0,-1.0,111,mosi,text,1.0,0.0,0.0,text,0.8666666746139526,0.875,0.8421052694320679
512,512,tmZoasNr4rU$_$19,0.2,0.2733855,0.2733855,0.2,0.2733855,0.2,0.0,0.0,0.0,0.0,111,mosi,text,1.0,0.0,0.0,text,1.0,0.835616409778595,0.8390804529190063
513,513,tmZoasNr4rU$_$18,0.0,-0.57317954,-0.57317954,0.0,-0.57317954,0.0,-1.0,0.0,-1.0,0.0,111,mosi,text,1.0,0.0,0.0,text,0.8888888955116272,0.692307710647583,0.7333333492279053
514,514,tmZoasNr4rU$_$20,-1.0,-0.24857265,-0.24857265,-1.0,-0.24857265,-1.0,-0.0,-1.0,-0.0,-1.0,111,mosi,text,1.0,0.0,0.0,text,0.8999999761581421,0.7948718070983887,0.7916666865348816
515,515,tmZoasNr4rU$_$1,0.0,0.594619,0.594619,0.0,0.594619,0.0,1.0,0.0,1.0,0.0,111,mosi,text,1.0,0.0,0.0,text,0.7272727489471436,0.7446808218955994,0.7719298005104065
516,516,tmZoasNr4rU$_$3,-2.0,-0.7920401,-0.7920401,-2.0,-0.7920401,-2.0,-1.0,-2.0,-1.0,-2.0,111,mosi,text,1.0,0.0,0.0,text,0.875,0.7692307829856873,0.8125
517,517,tmZoasNr4rU$_$2,-2.0,-1.153338,-1.153338,-2.0,-1.153338,-2.0,-1.0,-2.0,-1.0,-2.0,111,mosi,text,1.0,0.0,0.0,text,0.7142857313156128,0.8611111044883728,0.8488371968269348
518,518,tmZoasNr4rU$_$5,-0.8,-0.85124975,-0.85124975,-0.8,-0.85124975,-0.8,-1.0,-1.0,-1.0,-1.0,111,mosi,text,1.0,0.0,0.0,text,0.8333333134651184,0.8444444537162781,0.7777777910232544
519,519,tmZoasNr4rU$_$4,-0.8,-0.954744,-0.954744,-0.8,-0.954744,-0.8,-1.0,-1.0,-1.0,-1.0,111,mosi,text,1.0,0.0,0.0,text,0.8333333134651184,0.8014184236526489,0.8035714030265808
520,520,tmZoasNr4rU$_$7,-1.0,-0.73660225,-0.73660225,-1.0,-0.73660225,-1.0,-1.0,-1.0,-1.0,-1.0,111,mosi,text,1.0,0.0,0.0,text,0.8620689511299133,0.7727272510528564,0.7989130616188049
521,521,tmZoasNr4rU$_$6,-1.8,-0.21881509,-0.21881509,-1.8,-0.21881509,-1.8,-0.0,-2.0,-0.0,-2.0,111,mosi,text,1.0,0.0,0.0,text,1.0,0.7534246444702148,0.8275862336158752
522,522,tmZoasNr4rU$_$9,-0.6,-0.5086919,-0.5086919,-0.6,-0.5086919,-0.6,-1.0,-1.0,-1.0,-1.0,111,mosi,text,1.0,0.0,0.0,text,0.9200000166893005,0.8583333492279053,0.7638888955116272
523,523,tmZoasNr4rU$_$8,-2.0,-1.2826147,-1.2826147,-2.0,-1.2826147,-2.0,-1.0,-2.0,-1.0,-2.0,111,mosi,text,1.0,0.0,0.0,text,1.0,0.75,0.8541666865348816
524,524,v0zCBqDeKcE$_$11,1.6,-0.29200226,-0.29200226,1.6,-0.29200226,1.6,-0.0,2.0,-0.0,2.0,111,mosi,text,1.0,0.0,0.0,text,0.8125,0.7297297120094299,0.8023256063461304
525,525,v0zCBqDeKcE$_$10,2.2,1.3274463,1.3274463,2.2,1.3274463,2.0,1.0,2.0,1.0,2.0,111,mosi,text,1.0,0.0,0.0,text,0.7857142686843872,0.7272727489471436,0.7777777910232544
526,526,v0zCBqDeKcE$_$13,1.8,-0.43724757,-0.43724757,1.8,-0.43724757,1.8,-0.0,2.0,-0.0,2.0,111,mosi,text,1.0,0.0,0.0,text,0.8799999952316284,0.7631579041481018,0.8369565010070801
527,527,v0zCBqDeKcE$_$12,-0.4,0.8531239,0.8531239,-0.4,0.8531239,-0.4,1.0,-0.0,1.0,-0.0,111,mosi,text,1.0,0.0,0.0,text,0.800000011920929,0.7692307829856873,0.807692289352417
528,528,v0zCBqDeKcE$_$15,2.4,1.5103629,1.5103629,2.4,1.5103629,2.0,2.0,2.0,2.0,2.0,111,mosi,text,1.0,0.0,0.0,text,1.0,0.8636363744735718,0.949999988079071
529,529,v0zCBqDeKcE$_$14,1.5,1.0420997,1.0420997,1.5,1.0420997,1.5,1.0,2.0,1.0,2.0,111,mosi,text,1.0,0.0,0.0,text,0.875,0.7586206793785095,0.7647058963775635
530,530,v0zCBqDeKcE$_$16,0.0,0.23416314,0.23416314,0.0,0.23416314,0.0,0.0,0.0,0.0,0.0,111,mosi,text,1.0,0.0,0.0,text,0.8571428656578064,0.6666666865348816,1.0
531,531,v0zCBqDeKcE$_$1,2.6,0.69417286,0.69417286,2.6,0.69417286,2.0,1.0,3.0,1.0,2.0,111,mosi,text,1.0,0.0,0.0,text,0.6000000238418579,0.9090909361839294,0.8205128312110901
532,532,v0zCBqDeKcE$_$3,0.6,-0.2857279,-0.2857279,0.6,-0.2857279,0.6,-0.0,1.0,-0.0,1.0,111,mosi,text,1.0,0.0,0.0,text,0.9285714030265808,0.7599999904632568,0.8333333134651184
533,533,v0zCBqDeKcE$_$2,-0.4,0.54636616,0.54636616,-0.4,0.54636616,-0.4,1.0,-0.0,1.0,-0.0,111,mosi,text,1.0,0.0,0.0,text,0.7272727489471436,0.8787878751754761,0.800000011920929
534,534,v0zCBqDeKcE$_$5,2.0,1.842288,1.842288,2.0,1.842288,2.0,2.0,2.0,2.0,2.0,111,mosi,text,1.0,0.0,0.0,text,1.0,0.800000011920929,0.8888888955116272
535,535,v0zCBqDeKcE$_$4,0.0,0.76917064,0.76917064,0.0,0.76917064,0.0,1.0,0.0,1.0,0.0,111,mosi,text,1.0,0.0,0.0,text,0.8823529481887817,0.7777777910232544,0.8571428656578064
536,536,v0zCBqDeKcE$_$7,1.4,-0.121990405,-0.121990405,1.4,-0.121990405,1.4,-0.0,1.0,-0.0,1.0,111,mosi,text,1.0,0.0,0.0,text,0.699999988079071,0.6666666865348816,0.8225806355476379
537,537,v0zCBqDeKcE$_$6,0.8,0.87485677,0.87485677,0.8,0.87485677,0.8,1.0,1.0,1.0,1.0,111,mosi,text,1.0,0.0,0.0,text,0.800000011920929,0.7368420958518982,0.739130437374115
538,538,v0zCBqDeKcE$_$9,1.8,1.9903377,1.9903377,1.8,1.9903377,1.8,2.0,2.0,2.0,2.0,111,mosi,text,1.0,0.0,0.0,text,0.7777777910232544,0.9047619104385376,0.8399999737739563
539,539,v0zCBqDeKcE$_$8,1.8,0.8774286,0.8774286,1.8,0.8774286,1.8,1.0,2.0,1.0,2.0,111,mosi,text,1.0,0.0,0.0,text,0.8666666746139526,0.7916666865348816,0.739130437374115
540,540,vvZ4IcEtiZc$_$11,1.6,1.398276,1.398276,1.6,1.398276,1.6,1.0,2.0,1.0,2.0,111,mosi,text,1.0,0.0,0.0,text,0.9166666865348816,0.75,0.75
541,541,vvZ4IcEtiZc$_$10,-2.0,-0.77261806,-0.77261806,-2.0,-0.77261806,-2.0,-1.0,-2.0,-1.0,-2.0,111,mosi,text,1.0,0.0,0.0,text,0.699999988079071,0.9375,0.7368420958518982
542,542,vvZ4IcEtiZc$_$12,0.2,0.6125621,0.6125621,0.2,0.6125621,0.2,1.0,0.0,1.0,0.0,111,mosi,text,1.0,0.0,0.0,text,0.8666666746139526,0.8500000238418579,0.8658536672592163
543,543,vvZ4IcEtiZc$_$1,2.0,2.0539834,2.0539834,2.0,2.0,2.0,2.0,2.0,2.0,2.0,111,mosi,text,1.0,0.0,0.0,text,0.875,0.8421052694320679,0.695652186870575
544,544,vvZ4IcEtiZc$_$3,1.4,-0.9587498,-0.9587498,1.4,-0.9587498,1.4,-1.0,1.0,-1.0,1.0,111,mosi,text,1.0,0.0,0.0,text,0.7083333134651184,0.8139534592628479,0.8252426981925964
545,545,vvZ4IcEtiZc$_$2,2.4,2.0421324,2.0421324,2.4,2.0,2.0,2.0,2.0,2.0,2.0,111,mosi,text,1.0,0.0,0.0,text,1.0,0.7647058963775635,0.800000011920929
546,546,vvZ4IcEtiZc$_$5,1.2,2.0488057,2.0488057,1.2,2.0,1.2,2.0,1.0,2.0,1.0,111,mosi,text,1.0,0.0,0.0,text,0.7692307829856873,0.8611111044883728,0.8604651093482971
547,547,vvZ4IcEtiZc$_$4,2.2,0.98212343,0.98212343,2.2,0.98212343,2.0,1.0,2.0,1.0,2.0,111,mosi,text,1.0,0.0,0.0,text,0.7307692170143127,0.8365384340286255,0.801886796951294
548,548,vvZ4IcEtiZc$_$7,1.4,-0.75715184,-0.75715184,1.4,-0.75715184,1.4,-1.0,1.0,-1.0,1.0,111,mosi,text,1.0,0.0,0.0,text,0.8666666746139526,0.7592592835426331,0.828125
549,549,vvZ4IcEtiZc$_$6,1.0,1.2102436,1.2102436,1.0,1.2102436,1.0,1.0,1.0,1.0,1.0,111,mosi,text,1.0,0.0,0.0,text,0.75,0.7887324094772339,0.699999988079071
550,550,vvZ4IcEtiZc$_$9,2.2,1.3405741,1.3405741,2.2,1.3405741,2.0,1.0,2.0,1.0,2.0,111,mosi,text,1.0,0.0,0.0,text,0.84375,0.8279569745063782,0.7477477192878723
551,551,vvZ4IcEtiZc$_$8,-1.5,-0.63465965,-0.63465965,-1.5,-0.63465965,-1.5,-1.0,-2.0,-1.0,-2.0,111,mosi,text,1.0,0.0,0.0,text,0.6875,0.868852436542511,0.8648648858070374
552,552,vyB00TXsimI$_$20,2.2,1.6931505,1.6931505,2.2,1.6931505,2.0,2.0,2.0,2.0,2.0,111,mosi,text,1.0,0.0,0.0,text,0.6363636255264282,0.8064516186714172,0.837837815284729
553,553,vyB00TXsimI$_$21,1.2,0.8005758,0.8005758,1.2,0.8005758,1.2,1.0,1.0,1.0,1.0,111,mosi,text,1.0,0.0,0.0,text,0.7272727489471436,0.8285714387893677,0.761904776096344
554,554,vyB00TXsimI$_$22,0.6,0.8974692,0.8974692,0.6,0.8974692,0.6,1.0,1.0,1.0,1.0,111,mosi,text,1.0,0.0,0.0,text,0.9166666865348816,0.807692289352417,0.8064516186714172
555,555,vyB00TXsimI$_$1,0.0,0.67917085,0.67917085,0.0,0.67917085,0.0,1.0,0.0,1.0,0.0,111,mosi,text,1.0,0.0,0.0,text,0.8999999761581421,0.7777777910232544,0.8125
556,556,vyB00TXsimI$_$3,2.2,0.05723401,0.05723401,2.2,0.05723401,2.0,0.0,2.0,0.0,2.0,111,mosi,text,1.0,0.0,0.0,text,0.9166666865348816,0.7857142686843872,0.7142857313156128
557,557,vyB00TXsimI$_$2,-2.4,-0.79424393,-0.79424393,-2.4,-0.79424393,-2.0,-1.0,-2.0,-1.0,-2.0,111,mosi,text,1.0,0.0,0.0,text,0.6296296119689941,0.7555555701255798,0.8888888955116272
558,558,vyB00TXsimI$_$5,1.8,1.9678855,1.9678855,1.8,1.9678855,1.8,2.0,2.0,2.0,2.0,111,mosi,text,1.0,0.0,0.0,text,1.0,0.800000011920929,0.6363636255264282
559,559,vyB00TXsimI$_$4,1.8,1.0953687,1.0953687,1.8,1.0953687,1.8,1.0,2.0,1.0,2.0,111,mosi,text,1.0,0.0,0.0,text,1.0,0.6129032373428345,0.8157894611358643
560,560,vyB00TXsimI$_$7,2.4,2.0259264,2.0259264,2.4,2.0,2.0,2.0,2.0,2.0,2.0,111,mosi,text,1.0,0.0,0.0,text,0.8125,0.8648648858070374,0.8222222328186035
561,561,vyB00TXsimI$_$6,2.0,1.3201301,1.3201301,2.0,1.3201301,2.0,1.0,2.0,1.0,2.0,111,mosi,text,1.0,0.0,0.0,text,0.8260869383811951,0.7894737124443054,0.75
562,562,vyB00TXsimI$_$9,-0.25,0.56226933,0.56226933,-0.25,0.56226933,-0.25,1.0,-0.0,1.0,-0.0,111,mosi,text,1.0,0.0,0.0,text,0.800000011920929,0.7058823704719543,0.7749999761581421
563,563,vyB00TXsimI$_$8,2.6,0.5653118,0.5653118,2.6,0.5653118,2.0,1.0,3.0,1.0,2.0,111,mosi,text,1.0,0.0,0.0,text,0.75,0.7799999713897705,0.8305084705352783
564,564,vyB00TXsimI$_$11,-0.2,0.014777198,0.014777198,-0.2,0.014777198,-0.2,0.0,-0.0,0.0,-0.0,111,mosi,text,1.0,0.0,0.0,text,0.9333333373069763,0.8648648858070374,0.800000011920929
565,565,vyB00TXsimI$_$10,1.3333334,0.97241527,0.97241527,1.3333334,0.97241527,1.3333334,1.0,1.0,1.0,1.0,111,mosi,text,1.0,0.0,0.0,text,0.8181818127632141,0.774193525314331,0.8108108043670654
566,566,vyB00TXsimI$_$13,2.4,1.3238002,1.3238002,2.4,1.3238002,2.0,1.0,2.0,1.0,2.0,111,mosi,text,1.0,0.0,0.0,text,0.7777777910232544,0.7777777910232544,0.8571428656578064
567,567,vyB00TXsimI$_$12,0.2,0.9613864,0.9613864,0.2,0.9613864,0.2,1.0,0.0,1.0,0.0,111,mosi,text,1.0,0.0,0.0,text,1.0,0.7096773982048035,0.837837815284729
568,568,vyB00TXsimI$_$15,2.6,0.30863702,0.30863702,2.6,0.30863702,2.0,0.0,3.0,0.0,2.0,111,mosi,text,1.0,0.0,0.0,text,0.6000000238418579,0.7681159377098083,0.8292682766914368
569,569,vyB00TXsimI$_$14,2.0,1.8310856,1.8310856,2.0,1.8310856,2.0,2.0,2.0,2.0,2.0,111,mosi,text,1.0,0.0,0.0,text,0.9090909361839294,0.7599999904632568,0.7333333492279053
570,570,vyB00TXsimI$_$17,1.4,0.26294917,0.26294917,1.4,0.26294917,1.4,0.0,1.0,0.0,1.0,111,mosi,text,1.0,0.0,0.0,text,0.6315789222717285,0.7446808218955994,0.8421052694320679
571,571,vyB00TXsimI$_$16,0.4,1.3377274,1.3377274,0.4,1.3377274,0.4,1.0,0.0,1.0,0.0,111,mosi,text,1.0,0.0,0.0,text,0.8181818127632141,0.8510638475418091,0.7079645991325378
572,572,vyB00TXsimI$_$19,1.2,2.0701697,2.0701697,1.2,2.0,1.2,2.0,1.0,2.0,1.0,111,mosi,text,1.0,0.0,0.0,text,0.8571428656578064,0.6666666865348816,0.6363636255264282
573,573,vyB00TXsimI$_$18,2.4,1.454117,1.454117,2.4,1.454117,2.0,1.0,2.0,1.0,2.0,111,mosi,text,1.0,0.0,0.0,text,0.75,0.7777777910232544,0.6363636255264282
574,574,wMbj6ajWbic$_$24,1.4,1.4066691,1.4066691,1.4,1.4066691,1.4,1.0,1.0,1.0,1.0,111,mosi,text,1.0,0.0,0.0,text,0.8999999761581421,0.7058823704719543,0.9047619104385376
575,575,wMbj6ajWbic$_$25,2.0,1.240634,1.240634,2.0,1.240634,2.0,1.0,2.0,1.0,2.0,111,mosi,text,1.0,0.0,0.0,text,0.75,0.782608687877655,0.9259259104728699
576,576,wMbj6ajWbic$_$26,1.8,1.514709,1.514709,1.8,1.514709,1.8,2.0,2.0,2.0,2.0,111,mosi,text,1.0,0.0,0.0,text,1.0,0.8999999761581421,0.875
577,577,wMbj6ajWbic$_$27,0.0,0.76097643,0.76097643,0.0,0.76097643,0.0,1.0,0.0,1.0,0.0,111,mosi,text,1.0,0.0,0.0,text,0.7777777910232544,0.8399999737739563,0.8965517282485962
578,578,wMbj6ajWbic$_$20,-0.4,0.7635761,0.7635761,-0.4,0.7635761,-0.4,1.0,-0.0,1.0,-0.0,111,mosi,text,1.0,0.0,0.0,text,0.8666666746139526,0.8333333134651184,0.7647058963775635
579,579,wMbj6ajWbic$_$21,1.6,0.8878411,0.8878411,1.6,0.8878411,1.6,1.0,2.0,1.0,2.0,111,mosi,text,1.0,0.0,0.0,text,0.9411764740943909,0.7948718070983887,0.8297872543334961
580,580,wMbj6ajWbic$_$22,1.4,1.5220726,1.5220726,1.4,1.5220726,1.4,2.0,1.0,2.0,1.0,111,mosi,text,1.0,0.0,0.0,text,0.7272727489471436,0.7241379022598267,0.8103448152542114
581,581,wMbj6ajWbic$_$23,1.8,1.6020845,1.6020845,1.8,1.6020845,1.8,2.0,2.0,2.0,2.0,111,mosi,text,1.0,0.0,0.0,text,0.800000011920929,0.7241379022598267,0.7941176295280457
582,582,wMbj6ajWbic$_$28,2.4,1.898957,1.898957,2.4,1.898957,2.0,2.0,2.0,2.0,2.0,111,mosi,text,1.0,0.0,0.0,text,0.8421052694320679,0.7400000095367432,0.7166666388511658
583,583,wMbj6ajWbic$_$29,1.8,2.0605562,2.0605562,1.8,2.0,1.8,2.0,2.0,2.0,2.0,111,mosi,text,1.0,0.0,0.0,text,0.8888888955116272,0.8157894611358643,0.7777777910232544
584,584,wMbj6ajWbic$_$1,0.5,1.0447676,1.0447676,0.5,1.0447676,0.5,1.0,0.0,1.0,0.0,111,mosi,text,1.0,0.0,0.0,text,0.8999999761581421,0.8500000238418579,0.8333333134651184
585,585,wMbj6ajWbic$_$3,0.0,1.501318,1.501318,0.0,1.501318,0.0,2.0,0.0,2.0,0.0,111,mosi,text,1.0,0.0,0.0,text,0.8888888955116272,0.5925925970077515,0.75
586,586,wMbj6ajWbic$_$2,-0.8,1.1444602,1.1444602,-0.8,1.1444602,-0.8,1.0,-1.0,1.0,-1.0,111,mosi,text,1.0,0.0,0.0,text,0.8095238208770752,0.7469879388809204,0.8299999833106995
587,587,wMbj6ajWbic$_$5,0.2,1.0777767,1.0777767,0.2,1.0777767,0.2,1.0,0.0,1.0,0.0,111,mosi,text,1.0,0.0,0.0,text,0.875,0.7692307829856873,0.75
588,588,wMbj6ajWbic$_$4,1.0,-0.1305156,-0.1305156,1.0,-0.1305156,1.0,-0.0,1.0,-0.0,1.0,111,mosi,text,1.0,0.0,0.0,text,0.800000011920929,0.800000011920929,1.0
589,589,wMbj6ajWbic$_$7,-1.2,0.16600233,0.16600233,-1.2,0.16600233,-1.2,0.0,-1.0,0.0,-1.0,111,mosi,text,1.0,0.0,0.0,text,0.5384615659713745,0.9259259104728699,0.7058823704719543
590,590,wMbj6ajWbic$_$6,1.8,0.45354772,0.45354772,1.8,0.45354772,1.8,0.0,2.0,0.0,2.0,111,mosi,text,1.0,0.0,0.0,text,0.8571428656578064,0.8235294222831726,0.8666666746139526
591,591,wMbj6ajWbic$_$9,-2.0,-1.2156566,-1.2156566,-2.0,-1.2156566,-2.0,-1.0,-2.0,-1.0,-2.0,111,mosi,text,1.0,0.0,0.0,text,0.8999999761581421,0.7599999904632568,0.800000011920929
592,592,wMbj6ajWbic$_$8,-0.2,-0.14405149,-0.14405149,-0.2,-0.14405149,-0.2,-0.0,-0.0,-0.0,-0.0,111,mosi,text,1.0,0.0,0.0,text,1.0,0.7916666865348816,0.8214285969734192
593,593,wMbj6ajWbic$_$11,0.4,-0.2646651,-0.2646651,0.4,-0.2646651,0.4,-0.0,0.0,-0.0,0.0,111,mosi,text,1.0,0.0,0.0,text,0.8235294222831726,0.8205128312110901,0.8723404407501221
594,594,wMbj6ajWbic$_$10,-1.8,-0.42512,-0.42512,-1.8,-0.42512,-1.8,-0.0,-2.0,-0.0,-2.0,111,mosi,text,1.0,0.0,0.0,text,0.7272727489471436,0.7894737124443054,0.8181818127632141
595,595,wMbj6ajWbic$_$13,2.0,1.0907902,1.0907902,2.0,1.0907902,2.0,1.0,2.0,1.0,2.0,111,mosi,text,1.0,0.0,0.0,text,0.9166666865348816,0.8070175647735596,0.75
596,596,wMbj6ajWbic$_$12,1.6,1.5261928,1.5261928,1.6,1.5261928,1.6,2.0,2.0,2.0,2.0,111,mosi,text,1.0,0.0,0.0,text,0.7142857313156128,0.7599999904632568,0.800000011920929
597,597,wMbj6ajWbic$_$15,2.0,-0.56178266,-0.56178266,2.0,-0.56178266,2.0,-1.0,2.0,-1.0,2.0,111,mosi,text,1.0,0.0,0.0,text,0.7647058963775635,0.739130437374115,0.800000011920929
598,598,wMbj6ajWbic$_$14,-0.8,-0.7577102,-0.7577102,-0.8,-0.7577102,-0.8,-1.0,-1.0,-1.0,-1.0,111,mosi,text,1.0,0.0,0.0,text,0.8125,0.8484848737716675,0.8500000238418579
599,599,wMbj6ajWbic$_$17,2.0,0.837744,0.837744,2.0,0.837744,2.0,1.0,2.0,1.0,2.0,111,mosi,text,1.0,0.0,0.0,text,0.8636363744735718,0.7169811129570007,0.78125
600,600,wMbj6ajWbic$_$16,-0.4,0.074968964,0.074968964,-0.4,0.074968964,-0.4,0.0,-0.0,0.0,-0.0,111,mosi,text,1.0,0.0,0.0,text,0.8799999952316284,0.8450704216957092,0.7647058963775635
601,601,wMbj6ajWbic$_$19,-0.6,0.6318212,0.6318212,-0.6,0.6318212,-0.6,1.0,-1.0,1.0,-1.0,111,mosi,text,1.0,0.0,0.0,text,0.7647058963775635,0.8399999737739563,0.8666666746139526
602,602,wMbj6ajWbic$_$18,-1.0,0.5394203,0.5394203,-1.0,0.5394203,-1.0,1.0,-1.0,1.0,-1.0,111,mosi,text,1.0,0.0,0.0,text,0.8823529481887817,0.7872340679168701,0.8367347121238708
603,603,wMbj6ajWbic$_$30,0.8,0.95348334,0.95348334,0.8,0.95348334,0.8,1.0,1.0,1.0,1.0,111,mosi,text,1.0,0.0,0.0,text,0.8461538553237915,0.550000011920929,0.8333333134651184
604,604,yDtzw_Y-7RU$_$24,-0.8,-0.24658659,-0.24658659,-0.8,-0.24658659,-0.8,-0.0,-1.0,-0.0,-1.0,111,mosi,text,1.0,0.0,0.0,text,0.7777777910232544,0.8125,0.8999999761581421
605,605,yDtzw_Y-7RU$_$20,-0.6,0.7144771,0.7144771,-0.6,0.7144771,-0.6,1.0,-1.0,1.0,-1.0,111,mosi,text,1.0,0.0,0.0,text,1.0,0.6538461446762085,0.8387096524238586
606,606,yDtzw_Y-7RU$_$21,0.2,-0.45934728,-0.45934728,0.2,-0.45934728,0.2,-0.0,0.0,-0.0,0.0,111,mosi,text,1.0,0.0,0.0,text,0.800000011920929,0.7586206793785095,0.8571428656578064
607,607,yDtzw_Y-7RU$_$22,2.0,1.6665161,1.6665161,2.0,1.6665161,2.0,2.0,2.0,2.0,2.0,111,mosi,text,1.0,0.0,0.0,text,1.0,0.9375,0.6315789222717285
608,608,yDtzw_Y-7RU$_$23,2.2,1.3637273,1.3637273,2.2,1.3637273,2.0,1.0,2.0,1.0,2.0,111,mosi,text,1.0,0.0,0.0,text,0.8333333134651184,0.78125,0.8421052694320679
609,609,yDtzw_Y-7RU$_$1,0.8,0.40466058,0.40466058,0.8,0.40466058,0.8,0.0,1.0,0.0,1.0,111,mosi,text,1.0,0.0,0.0,text,0.8823529481887817,0.7962962985038757,0.7846153974533081
610,610,yDtzw_Y-7RU$_$3,0.75,0.53212416,0.53212416,0.75,0.53212416,0.75,1.0,1.0,1.0,1.0,111,mosi,text,1.0,0.0,0.0,text,0.7142857313156128,0.8983050584793091,0.7285714149475098
611,611,yDtzw_Y-7RU$_$2,0.8,-0.7764641,-0.7764641,0.8,-0.7764641,0.8,-1.0,1.0,-1.0,1.0,111,mosi,text,1.0,0.0,0.0,text,0.8181818127632141,0.8111110925674438,0.7685185074806213
612,612,yDtzw_Y-7RU$_$5,0.5,-0.68554354,-0.68554354,0.5,-0.68554354,0.5,-1.0,0.0,-1.0,0.0,111,mosi,text,1.0,0.0,0.0,text,0.8947368264198303,0.8153846263885498,0.7307692170143127
613,613,yDtzw_Y-7RU$_$4,-1.0,-0.3090715,-0.3090715,-1.0,-0.3090715,-1.0,-0.0,-1.0,-0.0,-1.0,111,mosi,text,1.0,0.0,0.0,text,0.6666666865348816,0.8125,0.7368420958518982
614,614,yDtzw_Y-7RU$_$7,-0.2,0.6013183,0.6013183,-0.2,0.6013183,-0.2,1.0,-0.0,1.0,-0.0,111,mosi,text,1.0,0.0,0.0,text,0.9333333373069763,0.6744186282157898,0.9230769276618958
615,615,yDtzw_Y-7RU$_$6,-1.2,-0.81247646,-0.81247646,-1.2,-0.81247646,-1.2,-1.0,-1.0,-1.0,-1.0,111,mosi,text,1.0,0.0,0.0,text,0.8163265585899353,0.7899159789085388,0.7692307829856873
616,616,yDtzw_Y-7RU$_$9,-1.0,-0.23990941,-0.23990941,-1.0,-0.23990941,-1.0,-0.0,-1.0,-0.0,-1.0,111,mosi,text,1.0,0.0,0.0,text,0.65625,0.7647058963775635,0.8644067645072937
617,617,yDtzw_Y-7RU$_$8,-1.5,-0.2653834,-0.2653834,-1.5,-0.2653834,-1.5,-0.0,-2.0,-0.0,-2.0,111,mosi,text,1.0,0.0,0.0,text,0.8571428656578064,0.8125,0.8947368264198303
618,618,yDtzw_Y-7RU$_$11,-1.4,0.74587876,0.74587876,-1.4,0.74587876,-1.4,1.0,-1.0,1.0,-1.0,111,mosi,text,1.0,0.0,0.0,text,0.5625,0.8529411554336548,0.8095238208770752
619,619,yDtzw_Y-7RU$_$10,-0.6,-0.31138834,-0.31138834,-0.6,-0.31138834,-0.6,-0.0,-1.0,-0.0,-1.0,111,mosi,text,1.0,0.0,0.0,text,0.8888888955116272,0.782608687877655,0.5555555820465088
620,620,yDtzw_Y-7RU$_$13,-1.8,-0.34410954,-0.34410954,-1.8,-0.34410954,-1.8,-0.0,-2.0,-0.0,-2.0,111,mosi,text,1.0,0.0,0.0,text,0.782608687877655,0.8333333134651184,0.79347825050354
621,621,yDtzw_Y-7RU$_$12,-0.6666667,-0.9165911,-0.9165911,-0.6666667,-0.9165911,-0.6666667,-1.0,-1.0,-1.0,-1.0,111,mosi,text,1.0,0.0,0.0,text,0.800000011920929,0.7551020383834839,0.8474576473236084
622,622,yDtzw_Y-7RU$_$15,0.6,0.8968695,0.8968695,0.6,0.8968695,0.6,1.0,1.0,1.0,1.0,111,mosi,text,1.0,0.0,0.0,text,0.9230769276618958,0.75,0.6969696879386902
623,623,yDtzw_Y-7RU$_$14,2.2,1.6780736,1.6780736,2.2,1.6780736,2.0,2.0,2.0,2.0,2.0,111,mosi,text,1.0,0.0,0.0,text,0.782608687877655,0.8202247023582458,0.7943925261497498
624,624,yDtzw_Y-7RU$_$17,0.2,0.8789942,0.8789942,0.2,0.8789942,0.2,1.0,0.0,1.0,0.0,111,mosi,text,1.0,0.0,0.0,text,0.782608687877655,0.8192771077156067,0.75
625,625,yDtzw_Y-7RU$_$16,0.6,0.24558732,0.24558732,0.6,0.24558732,0.6,0.0,1.0,0.0,1.0,111,mosi,text,1.0,0.0,0.0,text,0.7058823704719543,0.7558139562606812,0.7669903039932251
626,626,yDtzw_Y-7RU$_$19,-1.6,-0.998693,-0.998693,-1.6,-0.998693,-1.6,-1.0,-2.0,-1.0,-2.0,111,mosi,text,1.0,0.0,0.0,text,0.8888888955116272,0.6666666865348816,0.8214285969734192
627,627,yDtzw_Y-7RU$_$18,-2.0,0.8774904,0.8774904,-2.0,0.8774904,-2.0,1.0,-2.0,1.0,-2.0,111,mosi,text,1.0,0.0,0.0,text,0.75,0.6734693646430969,0.8103448152542114
628,628,yvsjCA6Y5Fc$_$20,0.8,1.1589677,1.1589677,0.8,1.1589677,0.8,1.0,1.0,1.0,1.0,111,mosi,text,1.0,0.0,0.0,text,1.0,0.7599999904632568,0.800000011920929
629,629,yvsjCA6Y5Fc$_$21,-1.8,-0.4987686,-0.4987686,-1.8,-0.4987686,-1.8,-0.0,-2.0,-0.0,-2.0,111,mosi,text,1.0,0.0,0.0,text,0.7200000286102295,0.8295454382896423,0.8571428656578064
630,630,yvsjCA6Y5Fc$_$22,-1.6,-0.74760604,-0.74760604,-1.6,-0.74760604,-1.6,-1.0,-2.0,-1.0,-2.0,111,mosi,text,1.0,0.0,0.0,text,0.7142857313156128,0.7142857313156128,0.7647058963775635
631,631,yvsjCA6Y5Fc$_$23,-1.2,-0.84851855,-0.84851855,-1.2,-0.84851855,-1.2,-1.0,-1.0,-1.0,-1.0,111,mosi,text,1.0,0.0,0.0,text,0.8999999761581421,0.8187134265899658,0.8309178948402405
632,632,yvsjCA6Y5Fc$_$1,-2.0,0.4424678,0.4424678,-2.0,0.4424678,-2.0,0.0,-2.0,0.0,-2.0,111,mosi,text,1.0,0.0,0.0,text,0.7777777910232544,0.7361111044883728,0.7777777910232544
633,633,yvsjCA6Y5Fc$_$3,-2.0,-0.68410426,-0.68410426,-2.0,-0.68410426,-2.0,-1.0,-2.0,-1.0,-2.0,111,mosi,text,1.0,0.0,0.0,text,0.7692307829856873,0.8367347121238708,0.8644067645072937
634,634,yvsjCA6Y5Fc$_$2,-1.2,-0.8667147,-0.8667147,-1.2,-0.8667147,-1.2,-1.0,-1.0,-1.0,-1.0,111,mosi,text,1.0,0.0,0.0,text,0.8333333134651184,0.8214285969734192,0.7647058963775635
635,635,yvsjCA6Y5Fc$_$5,0.4,-0.14242995,-0.14242995,0.4,-0.14242995,0.4,-0.0,0.0,-0.0,0.0,111,mosi,text,1.0,0.0,0.0,text,1.0,0.75,0.6111111044883728
636,636,yvsjCA6Y5Fc$_$4,-0.2,-0.4268023,-0.4268023,-0.2,-0.4268023,-0.2,-0.0,-0.0,-0.0,-0.0,111,mosi,text,1.0,0.0,0.0,text,0.8421052694320679,0.8070175647735596,0.7941176295280457
637,637,yvsjCA6Y5Fc$_$7,-1.8,-0.8925066,-0.8925066,-1.8,-0.8925066,-1.8,-1.0,-2.0,-1.0,-2.0,111,mosi,text,1.0,0.0,0.0,text,0.8999999761581421,0.75,0.8571428656578064
638,638,yvsjCA6Y5Fc$_$6,0.0,-0.7738021,-0.7738021,0.0,-0.7738021,0.0,-1.0,0.0,-1.0,0.0,111,mosi,text,1.0,0.0,0.0,text,0.9090909361839294,0.9047619104385376,0.875
639,639,yvsjCA6Y5Fc$_$9,-1.4,-0.8855764,-0.8855764,-1.4,-0.8855764,-1.4,-1.0,-1.0,-1.0,-1.0,111,mosi,text,1.0,0.0,0.0,text,0.7894737124443054,0.7543859481811523,0.7941176295280457
640,640,yvsjCA6Y5Fc$_$8,0.4,-0.7214336,-0.7214336,0.4,-0.7214336,0.4,-1.0,0.0,-1.0,0.0,111,mosi,text,1.0,0.0,0.0,text,0.8695651888847351,0.7571428418159485,0.8313252925872803
641,641,yvsjCA6Y5Fc$_$11,2.0,1.0115798,1.0115798,2.0,1.0115798,2.0,1.0,2.0,1.0,2.0,111,mosi,text,1.0,0.0,0.0,text,0.8235294222831726,0.8048780560493469,0.8367347121238708
642,642,yvsjCA6Y5Fc$_$10,-2.0,0.5408723,0.5408723,-2.0,0.5408723,-2.0,1.0,-2.0,1.0,-2.0,111,mosi,text,1.0,0.0,0.0,text,0.761904776096344,0.8481012582778931,0.7659574747085571
643,643,yvsjCA6Y5Fc$_$13,-2.0,-0.8069307,-0.8069307,-2.0,-0.8069307,-2.0,-1.0,-2.0,-1.0,-2.0,111,mosi,text,1.0,0.0,0.0,text,0.9166666865348816,0.8936170339584351,0.8035714030265808
644,644,yvsjCA6Y5Fc$_$12,-0.6,-0.6001453,-0.6001453,-0.6,-0.6001453,-0.6,-1.0,-1.0,-1.0,-1.0,111,mosi,text,1.0,0.0,0.0,text,0.8809523582458496,0.831932783126831,0.8028169274330139
645,645,yvsjCA6Y5Fc$_$15,-2.0,0.54335594,0.54335594,-2.0,0.54335594,-2.0,1.0,-2.0,1.0,-2.0,111,mosi,text,1.0,0.0,0.0,text,0.7857142686843872,0.8070175647735596,0.7941176295280457
646,646,yvsjCA6Y5Fc$_$14,-1.0,-1.0278268,-1.0278268,-1.0,-1.0278268,-1.0,-1.0,-1.0,-1.0,-1.0,111,mosi,text,1.0,0.0,0.0,text,0.9230769276618958,0.7837837934494019,0.7954545617103577
647,647,yvsjCA6Y5Fc$_$17,-0.6,-0.42034724,-0.42034724,-0.6,-0.42034724,-0.6,-0.0,-1.0,-0.0,-1.0,111,mosi,text,1.0,0.0,0.0,text,0.800000011920929,0.795918345451355,0.8135592937469482
648,648,yvsjCA6Y5Fc$_$16,-1.8,-1.1263053,-1.1263053,-1.8,-1.1263053,-1.8,-1.0,-2.0,-1.0,-2.0,111,mosi,text,1.0,0.0,0.0,text,0.8399999737739563,0.8042327761650085,0.8026315569877625
649,649,yvsjCA6Y5Fc$_$19,-1.6,-0.46430638,-0.46430638,-1.6,-0.46430638,-1.6,-0.0,-2.0,-0.0,-2.0,111,mosi,text,1.0,0.0,0.0,text,0.7272727489471436,0.7924528121948242,0.8888888955116272
650,650,yvsjCA6Y5Fc$_$18,-2.2,-0.9931923,-0.9931923,-2.2,-0.9931923,-2.0,-1.0,-2.0,-1.0,-2.0,111,mosi,text,1.0,0.0,0.0,text,0.9629629850387573,0.7027027010917664,0.8421052694320679
651,651,zhpQhgha_KU$_$24,0.0,0.11454716,0.11454716,0.0,0.11454716,0.0,0.0,0.0,0.0,0.0,111,mosi,text,1.0,0.0,0.0,text,1.0,0.7727272510528564,0.8148148059844971
652,652,zhpQhgha_KU$_$25,1.0,-0.94760096,-0.94760096,1.0,-0.94760096,1.0,-1.0,1.0,-1.0,1.0,111,mosi,text,1.0,0.0,0.0,text,0.75,0.7352941036224365,0.8108108043670654
653,653,zhpQhgha_KU$_$26,0.0,0.2974842,0.2974842,0.0,0.2974842,0.0,0.0,0.0,0.0,0.0,111,mosi,text,1.0,0.0,0.0,text,0.7692307829856873,0.8571428656578064,0.8799999952316284
654,654,zhpQhgha_KU$_$27,0.8,1.2178819,1.2178819,0.8,1.2178819,0.8,1.0,1.0,1.0,1.0,111,mosi,text,1.0,0.0,0.0,text,1.0,0.8333333134651184,0.8571428656578064
655,655,zhpQhgha_KU$_$20,-1.4,-0.29509285,-0.29509285,-1.4,-0.29509285,-1.4,-0.0,-1.0,-0.0,-1.0,111,mosi,text,1.0,0.0,0.0,text,0.6666666865348816,0.7857142686843872,0.75
656,656,zhpQhgha_KU$_$21,0.6,-0.2929164,-0.2929164,0.6,-0.2929164,0.6,-0.0,1.0,-0.0,1.0,111,mosi,text,1.0,0.0,0.0,text,0.6842105388641357,0.8387096524238586,0.7297297120094299
657,657,zhpQhgha_KU$_$22,0.6,-0.81170636,-0.81170636,0.6,-0.81170636,0.6,-1.0,1.0,-1.0,1.0,111,mosi,text,1.0,0.0,0.0,text,0.9090909361839294,0.7777777910232544,0.8571428656578064
658,658,zhpQhgha_KU$_$23,-0.5,0.09610924,0.09610924,-0.5,0.09610924,-0.5,0.0,-0.0,0.0,-0.0,111,mosi,text,1.0,0.0,0.0,text,0.8333333134651184,0.8857142925262451,0.8372092843055725
659,659,zhpQhgha_KU$_$28,1.4,1.7537382,1.7537382,1.4,1.7537382,1.4,2.0,1.0,2.0,1.0,111,mosi,text,1.0,0.0,0.0,text,0.9090909361839294,0.7857142686843872,0.7647058963775635
660,660,zhpQhgha_KU$_$29,-1.2,-1.4450997,-1.4450997,-1.2,-1.4450997,-1.2,-1.0,-1.0,-1.0,-1.0,111,mosi,text,1.0,0.0,0.0,text,0.8571428656578064,0.8333333134651184,0.800000011920929
661,661,zhpQhgha_KU$_$1,-1.6,-1.000669,-1.000669,-1.6,-1.000669,-1.6,-1.0,-2.0,-1.0,-2.0,111,mosi,text,1.0,0.0,0.0,text,0.7222222089767456,0.9615384340286255,0.875
662,662,zhpQhgha_KU$_$3,-1.6,-1.1598951,-1.1598951,-1.6,-1.1598951,-1.6,-1.0,-2.0,-1.0,-2.0,111,mosi,text,1.0,0.0,0.0,text,0.8999999761581421,0.7586206793785095,0.7857142686843872
663,663,zhpQhgha_KU$_$2,1.6,1.8256625,1.8256625,1.6,1.8256625,1.6,2.0,2.0,2.0,2.0,111,mosi,text,1.0,0.0,0.0,text,0.875,0.8125,0.7948718070983887
664,664,zhpQhgha_KU$_$5,-2.2,-1.2368617,-1.2368617,-2.2,-1.2368617,-2.0,-1.0,-2.0,-1.0,-2.0,111,mosi,text,1.0,0.0,0.0,text,0.8695651888847351,0.75,0.6744186282157898
665,665,zhpQhgha_KU$_$4,-1.6,0.8268881,0.8268881,-1.6,0.8268881,-1.6,1.0,-2.0,1.0,-2.0,111,mosi,text,1.0,0.0,0.0,text,0.75,0.7727272510528564,0.7407407164573669
666,666,zhpQhgha_KU$_$7,1.0,0.58350384,0.58350384,1.0,0.58350384,1.0,1.0,1.0,1.0,1.0,111,mosi,text,1.0,0.0,0.0,text,1.0,0.7692307829856873,0.8125
667,667,zhpQhgha_KU$_$6,1.0,1.158243,1.158243,1.0,1.158243,1.0,1.0,1.0,1.0,1.0,111,mosi,text,1.0,0.0,0.0,text,1.0,0.800000011920929,0.9166666865348816
668,668,zhpQhgha_KU$_$9,-1.0,0.50062436,0.50062436,-1.0,0.50062436,-1.0,1.0,-1.0,1.0,-1.0,111,mosi,text,1.0,0.0,0.0,text,0.7058823704719543,0.9142857193946838,0.7906976938247681
669,669,zhpQhgha_KU$_$8,-1.0,-1.0577283,-1.0577283,-1.0,-1.0577283,-1.0,-1.0,-1.0,-1.0,-1.0,111,mosi,text,1.0,0.0,0.0,text,0.800000011920929,0.8292682766914368,0.8367347121238708
670,670,zhpQhgha_KU$_$11,-2.4,-1.3029097,-1.3029097,-2.4,-1.3029097,-2.0,-1.0,-2.0,-1.0,-2.0,111,mosi,text,1.0,0.0,0.0,text,0.75,0.8125,0.8214285969734192
671,671,zhpQhgha_KU$_$10,0.6,0.75860304,0.75860304,0.6,0.75860304,0.6,1.0,1.0,1.0,1.0,111,mosi,text,1.0,0.0,0.0,text,0.7647058963775635,0.7722772359848022,0.8518518805503845
672,672,zhpQhgha_KU$_$13,-1.0,0.23125935,0.23125935,-1.0,0.23125935,-1.0,0.0,-1.0,0.0,-1.0,111,mosi,text,1.0,0.0,0.0,text,0.625,0.875,0.7368420958518982
673,673,zhpQhgha_KU$_$12,-1.4,-0.42568475,-0.42568475,-1.4,-0.42568475,-1.4,-0.0,-1.0,-0.0,-1.0,111,mosi,text,1.0,0.0,0.0,text,0.6842105388641357,0.7400000095367432,0.8461538553237915
674,674,zhpQhgha_KU$_$15,-2.0,-1.5289903,-1.5289903,-2.0,-1.5289903,-2.0,-2.0,-2.0,-2.0,-2.0,111,mosi,text,1.0,0.0,0.0,text,0.8648648858070374,0.7894737124443054,0.7956989407539368
675,675,zhpQhgha_KU$_$14,-1.5,-1.2124889,-1.2124889,-1.5,-1.2124889,-1.5,-1.0,-2.0,-1.0,-2.0,111,mosi,text,1.0,0.0,0.0,text,0.8333333134651184,0.6428571343421936,0.8484848737716675
676,676,zhpQhgha_KU$_$17,1.75,1.8555111,1.8555111,1.75,1.8555111,1.75,2.0,2.0,2.0,2.0,111,mosi,text,1.0,0.0,0.0,text,0.9230769276618958,0.7777777910232544,0.7714285850524902
677,677,zhpQhgha_KU$_$16,1.8,1.5804145,1.5804145,1.8,1.5804145,1.8,2.0,2.0,2.0,2.0,111,mosi,text,1.0,0.0,0.0,text,0.6875,0.739130437374115,0.7636363506317139
678,678,zhpQhgha_KU$_$19,-0.8,-0.34101158,-0.34101158,-0.8,-0.34101158,-0.8,-0.0,-1.0,-0.0,-1.0,111,mosi,text,1.0,0.0,0.0,text,0.8125,0.7777777910232544,0.875
679,679,zhpQhgha_KU$_$18,0.6,1.3299454,1.3299454,0.6,1.3299454,0.6,1.0,1.0,1.0,1.0,111,mosi,text,1.0,0.0,0.0,text,1.0,0.7647058963775635,0.7560975551605225
680,680,zhpQhgha_KU$_$31,-1.0,0.92144346,0.92144346,-1.0,0.92144346,-1.0,1.0,-1.0,1.0,-1.0,111,mosi,text,1.0,0.0,0.0,text,0.7083333134651184,0.8333333134651184,0.7241379022598267
681,681,zhpQhgha_KU$_$30,-2.0,-1.2939359,-1.2939359,-2.0,-1.2939359,-2.0,-1.0,-2.0,-1.0,-2.0,111,mosi,text,1.0,0.0,0.0,text,0.7142857313156128,0.949999988079071,1.0
682,682,zhpQhgha_KU$_$35,0.6,1.5158409,1.5158409,0.6,1.5158409,0.6,2.0,1.0,2.0,1.0,111,mosi,text,1.0,0.0,0.0,text,1.0,0.800000011920929,0.7976190447807312
683,683,zhpQhgha_KU$_$34,1.2,1.0743865,1.0743865,1.2,1.0743865,1.2,1.0,1.0,1.0,1.0,111,mosi,text,1.0,0.0,0.0,text,0.875,0.8888888955116272,0.9545454382896423
684,684,zhpQhgha_KU$_$33,-0.4,-0.50710386,-0.50710386,-0.4,-0.50710386,-0.4,-1.0,-0.0,-1.0,-0.0,111,mosi,text,1.0,0.0,0.0,text,0.8125,0.7450980544090271,0.8852459192276001
685,685,zhpQhgha_KU$_$32,0.8,0.09779793,0.09779793,0.8,0.09779793,0.8,0.0,1.0,0.0,1.0,111,mosi,text,1.0,0.0,0.0,text,0.800000011920929,0.761904776096344,0.7631579041481018
